2.079081081962 -4.438910155504 -9.221331530191
1.945915842594 -4.510984096634 -9.326907934259
1.807410168707 -4.625739160014 -9.434969419159
1.654456626655 -4.800618733662 -9.548163000128
1.472060847917 -5.058504709994 -9.670670477772
1.236991532597 -5.426199032086 -9.808691323736
0.916922575062 -5.928433090447 -9.970381964632
0.474315797903 -6.575475510214 -10.164316285266
-0.122038848120 -7.347559125123 -10.395623683511
-0.881292651444 -8.189145501809 -10.660567186333
-1.784320084796 -9.028146240649 -10.942648773633
-2.799263952992 -9.815005750783 -11.212350265330
-3.910756512871 -10.551871587802 -11.427389933856
-5.138655430501 -11.286860043332 -11.528764298540
-6.525885122882 -12.069442299380 -11.436536804156
-8.083582943061 -12.871317544743 -11.064932672173
-9.704582988175 -13.503877659553 -10.381212566682
-11.128556882026 -13.638055169388 -9.484714352039
-12.067587605767 -13.004709055136 -8.598207141840
-12.402156766139 -11.593770886398 -7.930016832341
-12.216535374191 -9.613251572790 -7.559317768446
-11.677257389433 -7.309022207669 -7.451702803559
-10.924906373497 -4.856777112436 -7.529951054172
-10.036824282558 -2.353460382988 -7.717923992608
-9.009623375560 0.156234938098 -7.947396199431
-7.664114606764 2.651039301348 -8.131409758434
-5.333199968906 5.036544476222 -8.052376387768
-0.722022835544 6.772880096682 -7.127988211538
5.934861980108 6.810744102791 -4.792067115758
11.340308836323 5.270215118104 -1.743000803988
13.957558972393 3.388170513249 1.012857093988
14.531950678445 1.826408435753 3.223176990388
13.648733213403 0.839034308383 4.809610197811
11.472174750731 0.687929815847 5.545863643080
8.597338526287 1.390855659346 5.394099193567
6.294287309939 2.315567289010 4.976054511828
5.067268581102 2.882880949783 4.901756743697
4.453801680814 3.123631677837 5.168425594280
4.030348450985 3.227730720092 5.589934172477
3.644668067983 3.285383030532 6.065115909483
3.271138494155 3.317253745226 6.553291336291
2.920488554995 3.323787080194 7.027866173244
2.610330015555 3.304324349128 7.462931922025
2.354701075539 3.261725847773 7.836577312599
2.159079851931 3.202124286012 8.136915343949
2.019749184138 3.132913617658 8.364211294445
1.926747963853 3.060649546893 8.528117623441
1.867984254132 2.989890692666 8.642643377549
1.832354319847 2.923094262328 8.721818116288
1.811188149888 2.861113348150 8.777314617636
1.798420447639 2.803822988817 8.817785324000
1.790141359363 2.750624126408 8.849157323564
1.783995605543 2.700766596302 8.875263467658
1.778653964336 2.653522727036 8.898471973627
1.773421591812 2.608263235498 8.920188579979
1.767974564237 2.564478170501 8.941214606415
