-7.223793624611 1.576158211269 -4.289356972522
-6.873560823634 1.798982680235 -4.893799785013
-6.523348181486 2.022034577884 -5.498328297995
-6.173169941893 2.245545281394 -6.103030432723
-5.823045723028 2.469961375787 -6.708076809898
-5.472995492939 2.696124200742 -7.313790860634
-5.123019791317 2.925579205545 -7.920770931829
-4.773043766633 3.161090075429 -8.530095930120
-4.422780366273 3.407457087311 -9.143658265634
-4.071425479995 3.672748425530 -9.764676454716
-3.717026589203 3.970004651173 -10.398429343210
-3.355264259332 4.319270627491 -11.053186254749
-2.977288355873 4.749243727379 -11.741099965039
-2.566314589590 5.296586604909 -12.478341699157
-2.093340155145 5.998875364194 -13.282876187643
-1.514315795290 6.875402531017 -14.167363435156
-0.774521449651 7.893505400922 -15.125606993830
0.172880768707 8.934627308164 -16.117223208448
1.336778192725 9.798445844602 -17.065678228270
2.669199894040 10.274209524659 -17.883639942737
4.081938364251 10.239331260226 -18.513047647250
5.488259556495 9.700081374604 -18.945694755140
6.833538744746 8.751149079699 -19.211039683414
8.098308321527 7.508810515339 -19.350428811500
9.285147655794 6.067535507376 -19.398271172035
10.404347075924 4.486649757516 -19.374323827536
11.463807073773 2.793067602490 -19.282051331865
12.461917064509 0.988427837471 -19.107998098678
13.380348528475 -0.943402478731 -18.819806126737
14.174383395410 -3.026600104510 -18.363292923268
14.761268203662 -5.275399331121 -17.662829605830
15.014594064790 -7.660592502732 -16.635358413409
14.785498632828 -10.063524235548 -15.232250791701
13.973550897398 -12.253073556448 -13.506343393856
12.623809418095 -13.948778807752 -11.650293138316
10.950679361043 -14.969319647999 -9.930540797099
9.228499434317 -15.333706767810 -8.546047384115
7.650964382999 -15.211535466719 -7.548757015371
6.285688888389 -14.799807921026 -6.878586372182
5.114822922600 -14.245286803001 -6.438528958357
4.089253496456 -13.632732023692 -6.142824107878
3.160493347078 -13.002784050577 -5.931232377314
2.291687312484 -12.371683686966 -5.766277666877
1.458156657792 -11.744301533574 -5.626270901895
0.644582143420 -11.121031313856 -5.499239599660
-0.158064059503 -10.500924752751 -5.378797214689
-0.954894738598 -9.882911832100 -5.261628830842
-1.748711025745 -9.266166415604 -5.146054230035
-2.541003152346 -8.650141875416 -5.031240192587
-3.332542759388 -8.034507865852 -4.916782067176
-4.123719309196 -7.419077030999 -4.802487296923
-4.914724604367 -6.803748233848 -4.688266072157
-5.705650884257 -6.188469079613 -4.574077329675
-6.496541491140 -5.573213380922 -4.459902661632
-7.287416334165 -4.957968464886 -4.345733976776
-8.078284357021 -4.342728378389 -4.231567787504
-8.869149490268 -3.727490401778 -4.117402619576
