-8.000928878517 5.191528767323 -2.110651833983
-8.012149354834 5.130736378923 -2.088674973800
-8.022465585564 5.067332269295 -2.064621431630
-8.031469379325 5.000811197542 -2.037939089313
-8.038648119306 4.930560450652 -2.007946868561
-8.043354574208 4.855838674467 -1.973803045014
-8.044769887493 4.775752085146 -1.934467597864
-8.041858986179 4.689228898132 -1.888658549204
-8.033318258566 4.594993777811 -1.834803175558
-8.017516572239 4.491545611529 -1.770986597785
-7.992432866710 4.377144099605 -1.694902872790
-7.955597039497 4.249813609886 -1.603817613827
-7.904045968346 4.107376332327 -1.494556485708
-7.834313262960 3.947530373747 -1.363540308574
-7.742478883152 3.767990619993 -1.206893618914
-7.624310741950 3.566708383492 -1.020656414164
-7.475530311321 3.342176389740 -0.801123471442
-7.292221524243 3.093804877173 -0.545315790044
-7.071370533636 2.822321590710 -0.251549700637
-6.811472123948 2.530109332443 0.079986273163
-6.513078222970 2.221365837064 0.446792094383
-6.179122515807 1.901975882655 0.843923901007
-5.814867779357 1.579043005960 1.264298084771
-5.427408845491 1.260131557338 1.699447564197
-5.024803278875 0.952378842249 2.140594852035
-4.615032008643 0.661694890804 2.579789553342
-4.205045762250 0.392238779288 3.010838691580
-3.800104638109 0.146259700865 3.429845424395
-3.403500934603 -0.075727948596 3.835313528533
-3.016633687995 -0.274548634849 4.227899191753
-2.639327759427 -0.451884921477 4.609952337417
-2.270273960468 -0.609822823207 4.984984680727
-1.907492610756 -0.750488748848 5.357157297953
-1.548764596784 -0.875801309860 5.730827199494
-1.192011101445 -0.987333678805 6.110150237993
-0.835625967531 -1.086269825526 6.498714368856
-0.478771339693 -1.173436050694 6.899173137958
-0.121639842345 -1.249391856748 7.312862273391
0.234331225562 -1.314566410194 7.739410051657
0.586330864095 -1.369425449380 8.176390665443
0.930186542180 -1.414647464263 8.619110009184
1.260576403280 -1.451279161881 9.060638244295
1.571474967774 -1.480833669911 9.492191094125
1.856808469054 -1.505297558362 9.903895842133
2.111220590787 -1.527029599752 10.285865147294
2.330788445300 -1.548563403972 10.629381629374
2.513518423192 -1.572357000855 10.927928450317
2.659507233356 -1.600550299952 11.177829772377
2.770753953977 -1.634786674400 11.378384127138
2.850707673254 -1.676130388773 11.531527169333
2.903690286987 -1.725080049122 11.641178260073
2.934331935294 -1.781653744761 11.712467508916
2.947113672677 -1.845511323516 11.751011010282
2.946056765006 -1.916082087711 11.762335657454
2.934553084357 -1.992676152942 11.751486900356
2.915305608802 -2.074568708540 11.722804321448
2.890340299703 -2.161054822895 11.679825650908
2.861054129526 -2.251477206609 11.625274555746
2.828272342152 -2.345231029812 11.561093128147
2.792296887720 -2.441749582795 11.488489792509
2.752935424727 -2.540473300010 11.407983376409
2.709505984979 -2.640803199374 11.319432728322
2.660816911832 -2.742038664339 11.222048412798
2.605125962443 -2.843299172523 11.114389340021
2.540087550446 -2.943430553989 10.994353593680
2.462703866797 -3.040899251725 10.859179925586
2.369304373924 -3.133683484381 10.705484449890
2.255588041893 -3.219178487043 10.529364765835
2.116770692818 -3.294143424732 10.326607805046
1.947880056050 -3.354727399910 10.093032454909
1.744225235256 -3.396615585433 9.824976336934
1.502027582861 -3.415325872108 9.519893156200
1.219136491266 -3.406654492845 9.176966862257
0.895682523136 -3.367216654123 8.797591071210
0.534476248604 -3.294970764133 8.385540813797
0.140983811457 -3.189581876139 7.946710966376
-0.277184548893 -3.052500226633 7.488414899990
-0.711181442074 -2.886709178723 7.018385097965
-1.152000065059 -2.696202706096 6.543722821779
-1.591454581404 -2.485334823583 6.070052147366
-2.022856657899 -2.258204987526 5.601046750603
-2.441305471384 -2.018204371475 5.138368710769
-2.843629013239 -1.767778645517 4.681950289538
-3.228086849208 -1.508399193696 4.230496499576
-3.593960859331 -1.240696758552 3.782085387406
-3.941138977368 -0.964700117002 3.334770373742
-4.269761402146 -0.680127331639 2.887120309190
-4.579965603258 -0.386687015351 2.438654508109
-4.871741925803 -0.084354986058 1.990140200714
-5.144895001108 0.226403745783 1.543724619072
-5.399094362339 0.544494014896 1.102881824096
-5.633988388813 0.868150195974 0.672171713415
-5.849348944885 1.195003778795 0.256836104625
-6.045211639501 1.522248502564 -0.137711818171
-6.221980474193 1.846874206735 -0.506424022544
-6.380476025137 2.165927179814 -0.845092618167
-6.521920867817 2.476751579677 -1.150690995162
-6.647870475487 2.777174662004 -1.421541468127
-6.760108132612 3.065614839923 -1.657308727741
-6.860526242898 3.341110098867 -1.858851196380
-6.951014112436 3.603279348827 -2.027980928716
-7.033366093019 3.852237720679 -2.167185520186
-7.109216664370 4.088488404164 -2.279356464599
-7.180002787058 4.312810266966 -2.367553636737
-7.246949732293 4.526154754837 -2.434820521385
-7.311074664071 4.729559617298 -2.484052820098
-7.373202009488 4.924082130105 -2.517915314745
-7.433985430303 5.110751162765 -2.538798021011
-7.493932416964 5.290535581094 -2.548801696247
-7.553428768184 5.464325735591 -2.549743543686
-7.612761282722 5.632924772437 -2.543175559031
-7.672137799235 5.797046882937 -2.530409776764
-7.731704279662 5.957320144122 -2.512546343833
-7.791558983975 6.114292154496 -2.490501724596
-7.851763981767 6.268437159870 -2.465035390343
