10.064329766052 -3.542275718078 3.002653321851
10.449209771533 -3.385625062080 3.516201163691
10.845037387260 -3.226803475832 4.026861849822
11.253115207165 -3.065694972588 4.531940359216
11.675736741321 -2.902058373454 5.027302144060
12.116266178099 -2.735575638082 5.506292208410
12.579116494079 -2.565966005688 5.957926697434
13.069328487296 -2.393256683830 6.363910717117
13.591088265724 -2.218382497459 6.693978944528
14.143878467704 -2.044396539168 6.899517951231
14.714266789819 -1.878591641257 6.907584168304
15.262120087575 -1.735314095031 6.623218770045
15.706421590400 -1.637363921446 5.956521816299
15.930429960078 -1.611005083934 4.886833842233
15.830144728467 -1.671513149031 3.529952153243
15.385018638685 -1.809244151938 2.117979311552
14.674626037062 -1.993860288646 0.870502859868
13.818233323969 -2.193874873353 -0.114390271927
12.909177482093 -2.390377626755 -0.854547574863
11.995818222988 -2.577115361066 -1.417592129583
11.094304663414 -2.754708578504 -1.870455041121
10.205505456730 -2.925937761844 -2.261238375739
9.325433278365 -3.093536020347 -2.619318067323
8.449645486072 -3.259607832577 -2.960757356821
7.574388094822 -3.425747910238 -3.293388423121
6.696434905900 -3.593369824523 -3.620168274336
5.812579466941 -3.764062692889 -3.940926165523
4.919176581294 -3.939934574838 -4.252909724556
4.011927266742 -4.123935543785 -4.550454982632
3.086112313088 -4.320122190177 -4.824002612781
2.137599470905 -4.533739512894 -5.058718262126
1.165060289999 -4.770860620554 -5.233267626978
0.173701326566 -5.037190217671 -5.319914059568
-0.819966808640 -5.335687120773 -5.287827156147
-1.784525165707 -5.663234829496 -5.111368050483
-2.675264429444 -6.007852169814 -4.782551074437
-3.444276660433 -6.349039902780 -4.321750924290
-4.056482030313 -6.662838828844 -3.777682894853
-4.502235150275 -6.929548150348 -3.213263877954
-4.798119964398 -7.139341122718 -2.685350973081
-4.976908240337 -7.292789285560 -2.230805695614
-5.074832257500 -7.397452237178 -1.864219022855
-5.122927858819 -7.463622738050 -1.583672801793
-5.143876370565 -7.501299161821 -1.378413276488
-5.152477602692 -7.518765878474 -1.234775538125
-5.157538330738 -7.522291731185 -1.139570781465
-5.163841227821 -7.516367399652 -1.081534212706
-5.173686753232 -7.504104245234 -1.051654648853
-5.187945807280 -7.487615719708 -1.042987456591
-5.206721583713 -7.468321776859 -1.050292963479
-5.229742397535 -7.447171621524 -1.069662956427
-5.256583892619 -7.424799183580 -1.098198098072
-5.286788634832 -7.401628793913 -1.133751229667
-5.319926451818 -7.377945987667 -1.174731822383
-5.355621866235 -7.353944633393 -1.219960654855
