10.484909130620 1.900330679057 -4.370641080929
1.900330679057 4.077880220466 0.316276688579
-4.370641080929 0.316276688579 6.731648926018
10.451967896273 1.894182321102 -4.355723449329
1.894182321102 4.065722333399 0.315302955827
-4.355723449329 0.315302955827 6.712523637648
10.400826747762 1.884602819160 -4.332335938173
1.884602819160 4.046972926201 0.313795070927
-4.332335938173 0.313795070927 6.683220685137
10.325898404603 1.870489708774 -4.297550932602
1.870489708774 4.019788941406 0.311594555610
-4.297550932602 0.311594555610 6.641174304985
10.218809905900 1.850149198441 -4.246703468361
1.850149198441 3.981561527472 0.308468586620
-4.246703468361 0.308468586620 6.583013432797
10.067617583794 1.821061864187 -4.172450626445
1.821061864187 3.928948881634 0.304096626174
-4.172450626445 0.304096626174 6.505104420336
9.856457215096 1.779616286454 -4.063272941268
1.779616286454 3.858485987891 0.298082608761
-4.063272941268 0.298082608761 6.405634944680
9.567302828946 1.720975083616 -3.901189907885
1.720975083616 3.768932363972 0.290058722463
-3.901189907885 0.290058722463 6.290892939252
9.188367955304 1.639595237626 -3.658581058074
1.639595237626 3.668222918842 0.280051140102
-3.658581058074 0.280051140102 6.192061785497
8.739588620771 1.531725958583 -3.294672887568
1.531725958583 3.591172316686 0.269486334199
-3.294672887568 0.269486334199 6.205704193146
8.333195277543 1.402419464748 -2.754343437433
1.402419464748 3.637612747256 0.263462766071
-2.754343437433 0.263462766071 6.577780325785
8.279403085025 1.279321445829 -1.976417968447
1.279321445829 4.033215907597 0.274540178926
-1.976417968447 0.274540178926 7.832532297700
9.169629304941 1.226994925542 -0.923300411088
1.226994925542 5.164647079679 0.325334867455
-0.923300411088 0.325334867455 10.834543670107
11.697230309517 1.333679223533 0.365449627199
1.333679223533 7.439108510314 0.440955437924
0.365449627199 0.440955437924 16.454693893831
16.027401505313 1.642191676007 1.735143878615
1.642191676007 10.873531445982 0.624942250836
1.735143878615 0.624942250836 24.652578175027
21.286353305586 2.081793669545 2.965935984811
2.081793669545 14.806055046301 0.841118959084
2.965935984811 0.841118959084 33.870434108166
26.093256301320 2.512464215864 3.898598707000
2.512464215864 18.294509623658 1.035480424045
3.898598707000 1.035480424045 41.967719554172
29.595786758056 2.836980230722 4.506796487185
2.836980230722 20.797002910723 1.175901164200
4.506796487185 1.175901164200 47.745956302981
31.752418901231 3.040169212669 4.858803544921
3.040169212669 22.325481985407 1.261985268512
4.858803544921 1.261985268512 51.265455442125
32.930253156170 3.152065476290 5.044881220407
3.152065476290 23.156852200929 1.308895979914
5.044881220407 1.308895979914 53.177084856182
33.519395827200 3.208260794679 5.136450891811
3.208260794679 23.571866841720 1.332335017601
5.136450891811 1.332335017601 54.130697602710
33.792153397566 3.234326719242 5.178518685941
3.234326719242 23.763827525972 1.343181166734
5.178518685941 1.343181166734 54.571637833530
33.904622785332 3.245083535702 5.195806133904
3.245083535702 23.842947966376 1.347652426260
5.195806133904 1.347652426260 54.753355064953
33.934527280401 3.247943790467 5.200399663605
3.247943790467 23.863981618652 1.348840968970
5.200399663605 1.348840968970 54.801664998668
33.913194619508 3.245899682849 5.197137742202
3.245899682849 23.848976266090 1.347992154671
5.197137742202 1.347992154671 54.767220482263
33.844108327235 3.239280336290 5.186569785448
3.239280336290 23.800378312017 1.345243114171
5.186569785448 1.345243114171 54.655663648662
33.710573053180 3.226477309875 5.166166936327
3.226477309875 23.706426505370 1.339925804563
5.166166936327 1.339925804563 54.440052313228
33.476003585145 3.203958255190 5.130407678348
3.203958255190 23.541330380772 1.330572824187
5.130407678347 1.330572824187 54.061357041689
33.079512628197 3.165808395283 5.070202384748
3.165808395283 23.262094265717 1.314726507959
5.070202384748 1.314726507959 53.421398952404
32.429423959083 3.103017950111 4.972153183975
3.103017950111 22.803768720902 1.288641627768
4.972153183975 1.288641627768 52.372531391012
31.399169561332 3.002874803650 4.818519456808
3.002874803650 22.076127876151 1.247029935516
4.818519456808 1.247029935516 50.711382216457
29.834229615921 2.849180092969 4.589523500313
2.849180092969 20.967635611309 1.183142925844
4.589523500313 1.183142925844 48.190830728669
27.583800634083 2.624490116492 4.270388323518
2.624490116492 19.366107654401 1.089690973188
4.270388323518 1.089690973188 44.572502493959
24.569441698777 2.315668225343 3.864677010815
2.315668225343 17.204910810922 0.961133614893
3.864677010815 0.961133614893 39.739374148985
20.880715386613 1.922537592329 3.410337173325
1.922537592329 14.529199708019 0.797265403556
3.410337173325 0.797265403556 33.851085697425
16.840001752231 1.465632612474 2.985348046745
1.465632612474 11.544650711784 0.606458348468
2.985348046745 0.606458348468 27.445955691934
12.948644033059 0.985682623916 2.686626184085
0.985682623916 8.589041529190 0.405517494988
2.686626184085 0.405517494988 21.346056808030
9.694763024226 0.530929037098 2.584760399004
0.530929037098 6.008738601609 0.214500026672
2.584760399004 0.214500026672 16.337056200492
7.346474087783 0.139167259845 2.687246359108
0.139167259845 4.017016305637 0.049285108466
2.687246359108 0.049285108466 12.831132515212
5.889451610422 -0.172812158002 2.941606857903
-0.172812158002 2.640810645421 -0.082880260897
2.941606857903 -0.082880260897 10.774006446647
5.124094715451 -0.407367929136 3.270892412716
-0.407367929136 1.773879448081 -0.182722963387
3.270892412716 -0.182722963387 9.814621842588
4.806605734715 -0.577373464483 3.608779614065
-0.577373464483 1.266093001602 -0.255431364309
3.608779614065 -0.255431364309 9.541325130825
4.737756975066 -0.698248347848 3.914634950356
-0.698248347848 0.984783042177 -0.307354016923
3.914634950356 -0.307354016923 9.626121487599
4.786670034240 -0.783630491859 4.171478184902
-0.783630491859 0.835646587121 -0.344171388344
4.171478184902 -0.344171388344 9.859557957709
4.879403840888 -0.844046604484 4.377528591883
-0.844046604484 0.759655823598 -0.370307174521
4.377528591883 -0.370307174521 10.128140998827
4.979185705745 -0.887083369132 4.538410846920
-0.887083369132 0.722662855650 -0.388973422722
4.538410846920 -0.388973422722 10.379459977304
5.070229212642 -0.918028729987 4.662162571220
-0.918028729987 0.705869262830 -0.402423157748
4.662162571220 -0.402423157748 10.594498009400
5.147386054833 -0.940517956216 4.756695056683
-0.940517956216 0.699250683650 -0.412213490164
4.756695056683 -0.412213490164 10.770329908609
5.210359335041 -0.957043492193 4.828784629558
-0.957043492193 0.697577077593 -0.419416688382
4.828784629558 -0.419416688382 10.910701642589
5.260751688886 -0.969320215728 4.883849319115
-0.969320215728 0.698168274040 -0.424773115309
4.883849319115 -0.424773115309 11.021405144174
5.300676765519 -0.978536062931 4.926062004238
-0.978536062931 0.699677609038 -0.428797086891
4.926062004238 -0.428797086891 11.108237842341
5.332168208631 -0.985520907098 4.958570782073
-0.985520907098 0.701447429043 -0.431848700607
4.958570782073 -0.431848700607 11.176240808490
5.356970120696 -0.990859753535 4.983724720604
-0.990859753535 0.703171935585 -0.434182249601
4.983724720604 -0.434182249601 11.229520092708
5.376497370635 -0.994968724062 5.003267626180
-0.994968724062 0.704722170993 -0.435978867537
5.003267626180 -0.435978867537 11.271306410825
5.391863486687 -0.998146319866 5.018491633863
-0.998146319866 0.706055728723 -0.437368631371
5.018491633863 -0.437368631371 11.304092675384
