9.396552453478 -2.373225358079 0.096164786676
9.702432359911 -2.323454278455 0.356739157629
10.009194222779 -2.273698591211 0.618469678621
10.316502366741 -2.223993480430 0.881117966050
10.624037261419 -2.174375817022 1.144464558990
10.931485897928 -2.124885532558 1.408302039979
11.238532309185 -2.075567149773 1.672428358534
11.544847834284 -2.026471539548 1.936640059230
11.850080700060 -1.977657984197 2.200725093734
12.153844443557 -1.929196639360 2.464454856541
12.455704624470 -1.881171501657 2.727575024459
12.755163172772 -1.833684005686 2.989794697072
13.051639579497 -1.786857390821 3.250773225661
13.344447964174 -1.740841992921 3.510103978267
13.632768838734 -1.695821624242 3.767294116569
13.915614137474 -1.652021199201 4.021739257670
14.191783808003 -1.609715732237 4.272691669346
14.459811988717 -1.569240758438 4.519220423040
14.717900594912 -1.531004079613 4.760161750755
14.963838109980 -1.495498477017 4.994057805363
15.194901723326 -1.463314599447 5.219082256840
15.407741986922 -1.435152556675 5.432951911540
15.598251360037 -1.411829734030 5.632825190522
15.761422064377 -1.394280909087 5.815191379872
15.891205463537 -1.383544857200 5.975759760244
15.980395653804 -1.380729374194 6.109365776879
16.020574705067 -1.386944402213 6.209922812910
16.002175412420 -1.403191601003 6.270462450115
15.914736226503 -1.430199877976 6.283320864117
15.747434339105 -1.468202486801 6.240538176366
15.489972823679 -1.516665047844 6.134530475096
15.133847880915 -1.573996720816 5.959056545508
14.673917681074 -1.637306175551 5.710421321363
14.110039955335 -1.702290103212 5.388739020138
13.448385473858 -1.763347251807 4.998954368485
12.701956072334 -1.813976832764 4.551257375407
11.889934435079 -1.847441837717 4.060600040904
11.035798504958 -1.857578384635 3.545256868741
10.164548821746 -1.839559670609 3.024691569499
9.299722336728 -1.790422583244 2.517246147510
8.460924321613 -1.709243820248 2.038217892854
7.662376895484 -1.596970494991 1.598713865582
6.912600848234 -1.456008392013 1.205379373447
6.215013072299 -1.289710930696 0.860837902382
5.569056532448 -1.101893909078 0.564549831321
4.971486884262 -0.896451981987 0.313800231925
4.417548661130 -0.677101965391 0.104608276379
3.901905032738 -0.447242512780 -0.067548799880
3.419289224726 -0.209902792459 -0.207223891726
2.964907663432 0.032250096104 -0.318678860677
2.534650687161 0.276870571361 -0.405712111941
2.125169218562 0.521879354676 -0.471590598372
1.733866936529 0.765405332301 -0.519048434603
1.358845108465 1.005731056963 -0.550323618792
0.998825520538 1.241244964293 -0.567213243610
0.653067523277 1.470401287658 -0.571134734569
0.321288351890 1.691687560161 -0.563185862403
0.003591233890 1.903599141249 -0.544199794367
-0.299597163125 2.104620133927 -0.514793673672
-0.587580157221 2.293210189124 -0.475410523780
-0.859436529407 2.467796913346 -0.426354965945
-1.114059672276 2.626773835217 -0.367823532082
-1.350192133407 2.768504102491 -0.299930398194
-1.566457153759 2.891330243847 -0.222729251076
-1.761388511055 2.993590415569 -0.136231791672
-1.933459547513 3.073641540536 -0.040423109868
-2.081111699614 3.129889616291 0.064726134778
-2.202782163313 3.160827205712 0.179251096148
-2.296929544098 3.165077723548 0.303188329955
-2.362055513523 3.141445608469 0.436576415934
-2.396719728757 3.088970862549 0.579462471381
-2.399544742758 3.006985819449 0.731915189651
-2.369207588892 2.895171471563 0.894044447859
-2.304415483029 2.753610368466 1.066026459169
-2.203865002393 2.582833113260 1.248131809545
-2.066187491950 2.383855903472 1.440751503864
-1.889888474956 2.158207365049 1.644413481418
-1.673295319502 1.907943940052 1.859779304561
-1.414534570873 1.635653966745 2.087608555452
-1.111566601605 1.344450853074 2.328677952387
-0.762307976100 1.037954897999 2.583644708643
-0.364867769259 0.720261094152 2.852850657534
0.082090445560 0.395886928588 3.136076071881
0.578876019790 0.069690888800 3.432269330312
1.124240210825 -0.253248978483 3.739297492759
1.714878149852 -0.567804244154 4.053777307906
2.345082521960 -0.869012242295 4.371048169667
3.006666582822 -1.152324928277 4.685331448182
3.689234117040 -1.413861554253 4.990083809062
4.380799125764 -1.650626446511 5.278504136265
5.068670140368 -1.860653619362 5.544110721899
5.740444937540 -2.043052364197 5.781284448894
6.384937539525 -2.197948673443 5.985683516354
6.992887864883 -2.326338995237 6.154471413731
7.557370254155 -2.429887993141 6.286347392951
8.073892865492 -2.510706850001 6.381410413052
8.540240297976 -2.571143941112 6.440912056510
8.956143657571 -2.613609278502 6.466958952705
9.322866102244 -2.640442513212 6.462215651711
9.642776654647 -2.653824746906 6.429642294600
9.918961691740 -2.655728342674 6.372284454872
10.154900508228 -2.647896217731 6.293119092552
10.354213304021 -2.631841848257 6.194951929648
10.520478143945 -2.608862368662 6.080357258054
10.657107163047 -2.580058855505 5.951650026993
10.767270034178 -2.546359607559 5.810880766476
10.853852942333 -2.508543695881 5.659845492165
10.919442811314 -2.467263173643 5.500104553244
10.966328489341 -2.423063120580 5.333006068593
10.996512547454 -2.376399210873 5.159710992116
11.011729046728 -2.327652805508 4.981217922233
11.013464007182 -2.277143742659 4.798386552247
11.002976365958 -2.225141081001 4.611959200990
10.981317986124 -2.171872076628 4.422580223447
10.949351824157 -2.117529668269 4.230813329287
10.907767736069 -2.062278723529 4.037156973918
10.857095644521 -2.006261270348 3.842058062444
10.797715938383 -1.949600908483 3.645924244097
10.729867060160 -1.892406568463 3.449135088730
10.653650276450 -1.834775761621 3.252052438492
10.569031637950 -1.776797444967 3.055030223442
10.475841130462 -1.718554608777 2.858424024028
10.373769006541 -1.660126682589 2.662600657946
10.262359277740 -1.601591846254 2.467948064755
10.141000348782 -1.543029326374 2.274885757711
10.008912798204 -1.484521754016 2.083876106417
9.865134368594 -1.426157656227 1.895436701716
9.708502341491 -1.368034150383 1.710154029306
