-6.774000 2.388850 5.395260
-6.821870 2.302680 5.194200
-7.003790 1.833530 5.002710
-6.898470 1.881400 4.830370
-6.697400 2.542050 4.801640
-6.659110 2.992050 4.696320
-6.793150 2.944180 4.504830
-6.927190 2.752690 4.160150
-6.764430 2.656940 3.872910
-6.371870 2.858010 3.528230
-6.151650 3.279290 3.154820
-6.247400 3.729290 2.695240
-6.400590 3.920780 2.475020
-6.180380 3.844190 1.919700
-5.759100 3.987800 1.019690
-5.596330 4.543130 -0.244150
-5.864420 4.887810 -0.770750
-5.921870 4.964410 -1.393100
-5.969740 4.792070 -2.254810
-5.797400 4.734620 -3.939930
-5.433560 4.696320 -5.787820
-5.146330 4.284620 -7.626140
-5.117600 3.126090 -8.717640
-3.633550 0.799480 -9.818710
-6.008040 -1.010120 -14.079390
-6.601660 -4.083550 -16.425160
-2.494170 -7.291030 -15.793240
0.244150 -9.186790 -14.414500
0.933520 -9.301690 -14.787910
1.144160 -10.297440 -17.717720
2.025020 -13.993220 -19.603910
5.136750 -18.694330 -19.594340
7.741030 -19.594340 -19.603910
10.728290 -19.575190 -19.603910
13.141090 -19.594340 -19.603910
15.908130 -19.594340 -19.603910
18.770930 -19.594340 -19.603910
19.383700 -19.594340 -19.575190
19.594340 -19.594340 -17.143250
19.594340 -19.594340 -15.017700
19.594340 -19.594340 -15.467700
19.594340 -19.594340 -13.313430
19.594340 -19.594340 -10.000630
19.594340 -19.594340 -3.959080
19.594340 -16.674100 2.829280
19.594340 -12.643210 5.969740
19.335820 -7.616560 8.267630
11.025110 1.048410 6.362300
7.434650 -2.092040 7.166560
9.445300 -7.291030 4.945260
12.040010 -10.546380 2.408000
19.594340 -18.617730 3.729290
13.447470 -3.834610 0.885650
6.793150 2.139910 1.249480
4.849520 2.551620 4.820790
2.369700 3.509080 4.399510
0.943090 3.633550 4.275040
2.360130 3.422910 5.921870
5.021860 6.381440 8.650620
4.983560 16.233670 9.895310
2.005870 8.085720 5.251650
-0.588840 3.872910 4.571850
-0.675010 4.878240 1.661190
-2.934600 5.309090 2.025020
-4.811220 6.975070 4.686750
-4.169720 8.114440 5.979310
