-6.103780 2.647370 6.065480
-6.094210 2.695240 5.835700
-6.046330 2.551620 5.644200
-5.921870 2.513320 5.558030
-5.969740 2.676090 5.261220
-5.969740 2.762260 4.782490
-6.161230 2.704810 4.208020
-6.247400 2.905880 3.681420
-6.122930 3.145240 3.068650
-5.950590 3.403760 2.417580
-5.902720 3.662270 1.977150
-6.218680 3.087800 1.373950
-6.687830 2.628220 0.445220
-6.831450 3.375030 -0.253730
-7.386770 3.901630 -0.732450
-7.463370 3.825040 -1.077140
-7.836780 3.767590 -1.680340
-8.076140 2.790980 -2.858010
-8.095290 2.092040 -4.265470
-7.999550 2.513320 -4.868660
-7.903800 3.777160 -4.964410
-8.162310 4.265470 -5.672930
-7.836780 3.461200 -7.291030
-8.018690 2.206940 -9.397430
-7.913370 0.770750 -11.197450
-7.846350 0.933520 -11.896390
-7.405920 2.340980 -12.375120
-6.793150 3.126090 -14.165560
-5.768670 3.231410 -17.373040
-4.744190 1.201610 -19.603910
-4.054830 -1.201610 -19.603910
-3.068650 -0.196280 -19.603910
-1.182460 3.355880 -19.603910
1.642040 5.605900 -19.603910
5.787820 6.333570 -19.603910
10.230420 3.346310 -19.603910
12.729380 -3.145240 -19.603910
13.466620 -3.537800 -19.603910
15.008120 -2.628220 -19.603910
16.923030 -0.359050 -19.603910
15.008120 -0.722880 -19.603910
17.076230 -3.068650 -19.603910
19.594340 -4.275040 -18.397520
17.612400 -18.981560 -11.465540
14.510250 -14.740040 -9.311260
12.911300 -7.156980 -8.889980
12.499590 -6.668680 -6.429320
11.886820 -9.924030 -7.252730
9.071900 -10.546380 -8.248480
7.511240 -9.799560 -8.210190
6.668680 -8.392100 -6.266550
5.931440 -7.855930 -4.648450
6.113360 -9.502750 -3.968660
5.873990 -9.828290 -3.585670
4.495260 -10.622970 -3.375030
3.671840 -11.676180 -3.039920
2.743110 -11.494260 -3.365460
2.226090 -12.298520 -3.777160
2.111190 -11.963410 -4.179300
1.345230 -10.747440 -4.083550
1.000540 -9.646370 -4.073980
0.694160 -8.238910 -3.978230
0.359050 -8.219760 -3.872910
0.435640 -8.420830 -4.303770
0.234580 -8.478270 -4.849520
-0.215430 -8.784660 -5.309090
