-4.208020 7.846350 -0.818620
-4.294190 8.018690 -1.019690
-4.332490 8.056990 -1.144160
-4.322910 7.817630 -1.517570
-4.294190 7.405920 -2.005870
-4.131420 7.118690 -2.092040
-3.863340 7.300600 -2.130340
-3.432480 7.635710 -2.082470
-3.087800 7.942100 -2.072890
-2.982480 7.903800 -2.235660
-3.068650 7.166560 -2.771840
-3.298440 6.419740 -3.327160
-3.250560 6.218680 -3.758010
-2.858010 6.668680 -4.035680
-2.264380 7.587840 -4.275040
-1.440970 8.009120 -3.796310
-0.378200 8.028270 -2.781410
0.809050 8.593170 -2.599490
1.776080 9.521900 -3.662270
2.398430 10.766590 -5.088880
3.106940 12.719800 -7.578260
4.179300 14.136840 -8.286780
6.170800 14.328330 -6.936770
7.243150 14.194290 -6.927190
5.232500 15.936860 -11.858090
10.833610 18.292200 -16.013450
18.790080 19.603910 -13.524070
19.575190 18.742200 -15.046420
14.098540 15.304930 -19.603910
9.474030 18.723050 -19.508170
10.862340 19.603910 -19.584760
14.663440 19.584760 -19.603910
13.725130 19.603910 -19.603910
11.590010 19.603910 -19.603910
11.599580 19.603910 -19.603910
13.121940 19.603910 -19.603910
11.226170 18.751780 -19.603910
10.747440 10.996380 -19.603910
11.877240 5.184620 -19.603910
9.378280 4.437810 -19.603910
7.224010 3.863340 -19.603910
7.377200 1.431400 -19.546470
7.022940 0.062230 -17.478360
7.118690 -1.833530 -14.998550
6.429320 -3.116520 -14.146410
4.926110 -2.886730 -14.950680
2.963330 -2.092040 -13.351730
1.718630 -2.656940 -11.130430
1.201610 -3.413330 -8.966580
0.627130 -2.819710 -8.765510
0.110110 -1.728210 -9.426150
-0.483520 -1.096290 -9.148490
-0.483520 -1.958000 -7.616560
-0.234580 -3.336730 -7.051660
-1.010120 -3.729290 -7.616560
-2.187790 -3.690990 -8.909130
-3.212260 -2.982480 -8.985730
-3.719720 -2.618640 -8.248480
-4.121850 -2.312260 -8.152740
-4.456960 -1.766510 -7.664440
-4.600580 -1.172880 -9.158070
-4.514410 0.110110 -9.694240
-3.911210 1.000540 -8.411250
-3.853760 1.000540 -8.775080
-4.696320 1.019690 -8.765510
-5.423990 0.655860 -8.889980
