-8.545290 2.829280 -3.748440
-8.669760 2.733540 -3.930360
-9.043170 2.886730 -3.987800
-9.311260 3.240990 -4.179300
-9.541050 3.825040 -4.188870
-9.722970 4.504830 -4.102700
-10.182540 5.232500 -4.648450
-10.354890 5.519730 -5.031430
-9.991050 5.414410 -5.548460
-9.263390 5.586760 -6.017610
-8.459130 5.979310 -6.094210
-7.827200 6.256970 -6.055910
-6.850600 6.917620 -5.921870
-5.692080 8.459130 -6.381440
-4.399510 9.971900 -5.529310
-3.164390 10.297440 -4.811220
-2.216510 9.483600 -4.897390
-1.718630 9.464450 -6.008040
-0.981390 10.900640 -7.022940
0.225000 11.848520 -7.444220
1.852680 12.040010 -7.989970
2.915450 11.120850 -8.191040
2.905880 10.182540 -9.579350
4.705900 11.494260 -9.981480
5.318670 13.629390 -11.436810
5.519730 14.596420 -12.011290
9.205940 16.051750 -16.281540
12.968740 18.847520 -19.603910
18.004960 19.326250 -18.837950
19.594340 19.364550 -19.594340
19.565620 17.411340 -19.603910
19.594340 12.518740 -19.603910
19.594340 18.033680 -19.603910
19.594340 19.527320 -19.603910
19.594340 12.853850 -19.603910
19.594340 4.763340 -19.603910
19.594340 -2.139910 -19.603910
19.546470 -8.755940 -19.603910
17.315590 -5.806970 -19.603910
15.544300 0.071810 -19.603910
15.304930 1.642040 -19.603910
15.065570 -1.172880 -19.603910
15.257060 -4.026100 -19.603910
14.088960 -2.896300 -19.603910
10.891060 -0.770750 -18.579440
8.822960 -3.470780 -16.578350
8.296360 -8.928280 -15.103870
7.875080 -10.910210 -13.121940
6.362300 -6.687830 -12.212350
4.935690 -2.819710 -9.770840
3.786740 -1.507990 -7.051660
4.217590 -2.494170 -5.998460
5.002710 -2.273960 -7.281450
4.236740 -0.368620 -7.674010
2.360130 1.153730 -6.324000
1.268630 1.316500 -7.204860
-0.138830 5.414410 -10.929360
-0.301600 4.725050 -10.757020
-0.607980 4.313340 -10.278290
-0.464370 4.380360 -9.809140
0.359050 4.830370 -9.914460
0.971820 5.500590 -9.885730
1.096290 5.759100 -8.688910
1.345230 4.878240 -8.076140
1.345230 3.671840 -8.171890
1.517570 2.982480 -9.186790
