-7.511240 3.729290 4.035680
-7.319750 3.327160 4.217590
-7.089960 3.365460 3.901630
-7.147410 3.537800 3.566520
-7.415500 3.442050 3.767590
-7.386770 3.183540 4.045250
-7.118690 3.308010 3.652690
-7.042090 3.652690 3.231410
-7.118690 3.738870 2.838860
-7.329330 3.518650 2.637790
-7.089960 3.336730 2.350550
-6.754850 3.710140 1.450550
-6.678260 4.121850 0.780330
-6.601660 3.959080 0.282000
-6.668680 3.528230 -0.473940
-6.908050 3.126090 -1.421820
-6.869750 3.154820 -2.551620
-7.128260 3.815460 -3.968660
-8.028270 4.179300 -4.648450
-8.133590 3.537800 -4.734620
-7.511240 2.513320 -5.529310
-7.013370 1.393100 -7.156980
-6.984640 -0.301600 -8.439980
-6.927190 -1.804800 -9.636790
-7.386770 -2.446300 -10.364460
-7.444220 -3.327160 -10.603830
-7.099540 -5.175050 -11.724050
-6.572940 -7.300600 -13.418750
-5.979310 -9.435730 -14.797480
-5.309090 -11.762350 -15.917710
-4.418660 -14.615570 -18.177300
-3.729290 -18.273050 -19.086880
-2.226090 -19.594340 -19.278380
-1.469690 -19.594340 -17.219850
2.149490 -19.594340 -15.678340
4.801640 -19.594340 -15.237910
6.697400 -19.594340 -15.027270
10.182540 -19.594340 -15.477280
14.816630 -19.594340 -13.351730
19.584760 -19.594340 -10.412330
19.594340 -19.594340 -3.652690
19.584760 -19.594340 -3.576100
19.594340 -19.594340 -5.739950
19.594340 -19.594340 -1.718630
19.594340 -18.273050 -1.057990
19.594340 -9.301690 0.445220
19.565620 -4.265470 6.036760
19.431570 -2.743110 13.016610
17.066650 -2.743110 13.773010
13.294280 -1.890980 10.067650
13.907050 -1.326080 10.239990
11.704900 2.226090 9.636790
9.454880 4.026100 8.593170
7.032510 4.351640 7.932520
4.361210 4.839940 7.472940
5.893140 4.006950 8.612320
6.649530 4.217590 8.708060
5.682500 5.337820 7.367620
4.983560 6.371870 6.209100
4.428230 7.654860 5.596330
2.168640 8.478270 5.759100
0.081380 7.750610 5.988890
-0.579260 6.908050 6.122930
-1.201610 6.505910 5.376120
-1.747360 6.668680 4.677170
-2.733540 7.970820 4.552700
