-7.061240 4.648450 -2.723960
-7.118690 4.763340 -3.011200
-7.070810 4.284620 -2.714390
-6.659110 4.131420 -2.647370
-6.027190 4.437810 -2.848430
-5.615480 4.236740 -3.250560
-5.500590 3.911210 -3.920780
-5.634630 3.796310 -4.677170
-5.644200 3.604820 -5.127180
-5.337820 3.461200 -5.376120
-4.993130 3.461200 -5.567610
-4.753770 3.997380 -5.232500
-4.571850 4.696320 -4.619720
-4.265470 5.328240 -4.887810
-3.710140 6.352720 -5.577180
-2.867580 7.539970 -5.854840
-1.565440 7.779330 -6.008040
-0.177130 7.099540 -6.467620
0.761180 6.572940 -7.109110
1.555870 6.716550 -7.865500
2.455870 7.884650 -8.947430
3.202690 9.981480 -9.857010
5.002710 12.384690 -10.374040
7.760180 14.778330 -8.976150
12.288950 15.946430 -9.646370
11.005960 19.469870 -12.968740
13.342150 19.603910 -17.085800
19.259230 12.662360 -18.119860
19.594340 18.589010 -17.602830
18.435820 10.728290 -19.603910
16.788990 9.474030 -19.565620
17.689000 16.875160 -19.584760
19.594340 15.534720 -19.603910
19.594340 6.955920 -19.603910
19.594340 -0.186700 -19.603910
19.335820 -2.925030 -19.556040
17.009210 -2.685660 -18.550710
16.118770 -1.613310 -17.449640
16.999630 -0.359050 -17.545380
16.779420 1.651610 -16.386860
15.553870 1.134590 -14.874080
13.734710 -1.890980 -14.146410
11.953840 -4.552700 -14.510250
10.086800 -5.261220 -13.696410
8.047420 -3.920780 -14.002790
6.592080 -2.312260 -13.820880
5.739950 -1.642040 -12.576190
5.481440 -2.015450 -11.302770
5.136750 -1.871830 -10.747440
4.782490 0.225000 -10.096370
4.342060 2.455870 -8.976150
3.786740 3.355880 -8.851680
2.953750 3.145240 -8.114440
2.647370 2.972900 -8.344230
2.838860 3.690990 -8.966580
2.972900 4.878240 -8.478270
2.790980 5.787820 -8.191040
2.905880 6.142080 -8.104870
2.561200 6.496340 -8.401680
2.580340 6.180380 -8.344230
2.771840 5.701650 -8.066570
2.139910 4.792070 -8.009120
2.120770 4.562280 -8.344230
2.139910 4.303770 -8.344230
2.206940 4.658020 -8.612320
2.340980 5.644200 -8.497420
