-7.606990 4.131420 -3.365460
-7.626140 4.150570 -3.365460
-7.635710 4.275040 -3.240990
-7.568690 4.389940 -3.116520
-7.453800 4.208020 -3.020770
-7.367620 4.351640 -3.154820
-7.262300 4.476110 -3.308010
-7.195280 4.437810 -3.604820
-7.262300 4.255890 -3.939930
-7.434650 4.208020 -4.275040
-7.463370 4.179300 -4.476110
-7.329330 4.179300 -4.638870
-7.214430 4.342060 -4.849520
-7.156980 4.772920 -4.916540
-7.080390 5.356970 -5.069730
-6.927190 6.247400 -5.423990
-6.726130 7.664440 -5.845270
-6.362300 9.407000 -6.142080
-5.739950 11.743200 -6.678260
-5.012280 13.313430 -5.577180
-4.342060 13.083640 -4.868660
-3.461200 13.179380 -6.429320
-2.283530 13.457050 -8.420830
-1.326080 12.968740 -9.789990
-0.569690 11.829370 -11.331490
0.339900 10.010200 -12.174050
1.661190 8.775080 -12.767680
2.513320 9.636790 -14.893230
3.413330 10.613400 -15.956000
4.073980 13.179380 -16.396440
6.075060 13.916620 -18.349650
9.569770 11.369790 -18.464540
12.442140 6.678260 -19.603910
15.084720 1.479270 -19.603910
14.567690 -2.063320 -19.603910
12.327250 -8.641040 -19.603910
12.815550 -16.903890 -18.684750
14.778330 -19.594340 -13.840030
5.739950 -19.565620 -12.777250
-4.533550 -19.220930 -9.991050
-11.934690 -5.893140 -11.599580
-7.051660 5.634630 -12.375120
5.155900 0.330320 -9.464450
7.913370 -4.849520 -6.027190
5.366540 -8.861260 -4.064400
-1.048410 -5.816550 -8.641040
-0.895220 -8.755940 -10.153820
0.617560 -12.154900 -9.282540
-0.119680 -8.286780 -7.865500
-1.125010 -4.820790 -6.726130
-1.594160 -6.381440 -6.592080
-1.948420 -6.553790 -6.812300
-1.316500 -6.371870 -7.769760
-0.789900 -5.510160 -7.989970
-1.134590 -4.744190 -7.501670
-1.756930 -5.510160 -7.013370
-2.034590 -6.352720 -7.118690
-1.776080 -6.400590 -7.539970
-1.431400 -6.084630 -7.654860
-1.527140 -6.008040 -7.539970
-1.709060 -5.873990 -7.501670
-1.823950 -5.491010 -7.511240
-1.766510 -5.443140 -7.329330
-1.862250 -5.117600 -7.128260
-1.881400 -5.376120 -7.118690
-1.823950 -5.730370 -7.166560
