-7.693160 -2.235660 3.825040
-7.654860 -2.254810 3.844190
-7.568690 -2.312260 3.767590
-7.472940 -2.216510 3.729290
-7.453800 -2.159060 3.623970
-7.444220 -2.206940 3.470780
-7.559120 -2.168640 3.403760
-7.654860 -1.977150 3.279290
-7.578260 -1.737780 3.011200
-7.492090 -1.575020 2.465450
-7.568690 -1.316500 1.670760
-7.865500 -1.354800 0.856920
-7.989970 -1.268630 0.646280
-8.191040 -0.780330 -0.081380
-8.104870 0.330320 -1.536720
-8.076140 1.460120 -3.365460
-8.085720 1.536720 -4.523980
-7.913370 1.326080 -5.232500
-8.248480 0.426070 -5.873990
-8.210190 1.565440 -6.362300
-8.937850 3.317590 -7.185710
-8.612320 4.485680 -9.129340
-8.392100 3.308010 -10.144250
-7.884650 4.131420 -11.149580
-8.468700 3.327160 -13.255980
-8.621890 2.580340 -15.391110
-7.894220 4.093120 -17.162400
-6.189950 5.960160 -19.106030
-4.504830 6.285700 -19.603910
-2.819710 5.280370 -19.603910
-1.096290 2.206940 -19.603910
2.178210 1.737780 -19.603910
6.410170 3.576100 -19.603910
10.038930 5.251650 -19.603910
12.537890 8.870830 -19.603910
16.750690 8.219760 -19.603910
18.062410 -0.454790 -19.603910
17.095380 -8.181460 -19.603910
15.601750 -5.873990 -19.603910
16.961330 1.919700 -19.594340
19.594340 -3.308010 -13.696410
18.608160 -13.878330 -11.398510
17.181550 -19.594340 -9.876160
11.025110 -12.164480 -10.019780
6.391020 -6.965490 -9.502750
6.774000 -5.615480 -8.095290
6.812300 -5.759100 -7.798480
7.262300 -4.265470 -5.491010
6.649530 -2.877160 -5.041010
6.084630 -5.318670 -4.935690
6.218680 -8.219760 -4.246320
4.868660 -10.776170 -4.275040
4.150570 -12.145330 -3.451630
3.690990 -11.982560 -2.790980
3.336730 -11.704900 -2.139910
3.020770 -10.192120 -2.187790
2.360130 -10.230420 -2.197360
1.326080 -9.014450 -3.087800
0.990970 -8.277210 -3.346310
1.192030 -8.076140 -3.451630
0.751600 -8.449550 -3.748440
0.349470 -8.832530 -3.710140
0.301600 -8.401680 -3.652690
0.320750 -7.827200 -4.188870
0.167550 -7.913370 -5.041010
0.062230 -8.152740 -5.567610
