-7.568690 0.330320 4.456960
-7.654860 0.177130 4.428230
-7.712310 0.110110 4.428230
-7.855930 -0.062230 4.370790
-7.769760 -0.244150 4.284620
-7.750610 -0.253730 4.303770
-7.798480 -0.225000 4.236740
-7.683580 -0.225000 4.179300
-7.635710 -0.177130 4.093120
-7.645290 -0.090960 3.786740
-7.539970 -0.177130 3.633550
-7.377200 -0.081380 3.346310
-7.243150 -0.014360 2.858010
-7.358050 0.023940 2.197360
-7.386770 0.167550 1.498420
-7.482520 0.473940 0.780330
-7.731460 0.579260 -0.043090
-7.903800 0.473940 -0.818620
-7.951670 0.512240 -1.900550
-8.545290 0.205850 -3.068650
-9.158070 0.694160 -4.150570
-9.339980 1.766510 -5.175050
-8.717640 2.283530 -6.036760
-8.727210 1.833530 -7.463370
-9.033600 -0.186700 -9.158070
-9.244240 -0.244150 -10.661270
-8.985730 1.096290 -11.685750
-8.468700 2.168640 -12.729380
-7.549540 2.494170 -13.782580
-7.195280 1.172880 -16.195370
-6.285700 0.339900 -18.770930
-5.481440 1.527140 -19.603910
-3.643120 2.685660 -19.603910
-1.584590 3.154820 -19.603910
0.349470 5.194200 -19.603910
2.972900 7.109110 -19.603910
5.433560 4.887810 -19.603910
6.266550 3.394180 -19.603910
8.535720 7.003790 -19.603910
14.883650 10.402760 -19.603910
19.594340 5.060160 -19.603910
19.594340 -6.850600 -19.603910
18.416670 -15.161320 -19.603910
16.214520 -13.179380 -15.917710
16.645370 -11.475110 -11.455960
13.255980 -17.200700 -6.802730
8.966580 -13.035760 -5.414410
6.812300 -4.897390 -5.883570
5.510160 -4.342060 -5.759100
5.299520 -3.116520 -7.233580
5.902720 -6.324000 -7.568690
5.826120 -8.085720 -5.969740
4.811220 -8.191040 -4.868660
4.648450 -8.784660 -4.763340
3.489930 -10.297440 -5.481440
2.532470 -11.695330 -4.906960
2.197360 -11.417660 -4.131420
1.852680 -10.632550 -3.643120
1.555870 -9.550620 -3.978230
1.105860 -8.497420 -4.619720
0.856920 -7.846350 -5.194200
0.885650 -7.654860 -5.586760
0.473940 -7.415500 -5.864420
0.282450 -6.869750 -5.854840
0.167550 -7.358050 -5.950590
-0.225000 -7.176130 -6.027190
