-6.620810 6.438890 -0.014360
-6.706980 6.486770 -0.004790
-6.525060 6.582510 -0.004790
-6.496340 6.668680 0.023940
-6.582510 6.649530 0.043090
-6.668680 6.726130 -0.129260
-6.706980 6.754850 -0.177130
-6.745280 6.860170 -0.244150
-6.697400 6.726130 -0.062230
-6.505910 6.419740 -0.397340
-6.458040 6.324000 -0.789900
-6.266550 6.477190 -0.923950
-5.682500 6.774000 -0.799480
-4.964410 7.061240 -0.588840
-4.466530 7.501670 -0.560110
-4.294190 8.143160 -1.239910
-4.294190 8.784660 -1.919700
-4.016530 9.339980 -2.695240
-3.135670 9.646370 -3.461200
-2.283530 10.383610 -4.782490
-2.283530 10.594250 -5.184620
-2.838860 10.441060 -6.094210
-3.068650 11.896390 -9.186790
-2.637790 13.696410 -11.149580
-1.651610 14.452800 -10.929360
-0.320750 13.370870 -11.944260
1.259050 11.666600 -15.869830
3.681420 12.059160 -19.297530
4.361210 14.184710 -19.603910
3.604820 17.258140 -19.594340
4.485680 17.823040 -19.603910
9.531480 15.563450 -19.603910
15.333660 16.980480 -19.603910
19.201780 19.603910 -19.603910
19.594340 19.603910 -19.603910
19.584760 13.725130 -19.603910
18.981560 -2.551620 -19.603910
15.592170 -13.208110 -19.603910
11.063400 -8.248480 -19.603910
7.281450 2.360130 -19.603910
7.156980 4.801640 -19.603910
11.111280 -1.938850 -19.603910
15.046420 -5.778250 -19.584760
12.566610 -4.648450 -19.603910
10.412330 -5.318670 -19.345400
9.359130 -6.467620 -17.727300
9.014450 -8.392100 -15.419830
8.372950 -10.517650 -13.907050
6.352720 -10.412330 -13.418750
4.428230 -10.096370 -11.781500
3.049500 -9.885730 -9.186790
2.187790 -10.517650 -7.099540
1.785660 -10.469780 -7.156980
0.579260 -8.621890 -8.267630
-0.445220 -6.601660 -7.989970
-0.761180 -7.214430 -7.386770
-1.067560 -8.238910 -6.726130
-1.632460 -7.492090 -7.243150
-2.570770 -5.605900 -8.056990
-3.135670 -3.834610 -8.507000
-3.633550 -3.183540 -7.903800
-3.585670 -3.279290 -8.238910
-3.499500 -2.417580 -9.071900
-3.183540 -1.373950 -8.650620
-3.001620 -1.546290 -7.875080
-3.231410 -1.718630 -8.631470
