-6.668680 3.221840 -4.523980
-6.515490 3.260140 -4.380360
-6.285700 3.240990 -4.131420
-6.046330 3.480350 -4.064400
-5.672930 3.748440 -4.236740
-5.270800 3.518650 -3.959080
-4.744190 2.685660 -3.432480
-4.294190 2.465450 -4.093120
-4.073980 3.049500 -5.586760
-3.700570 3.614400 -6.027190
-3.106940 3.805890 -5.988890
-2.408000 3.978230 -5.749520
-1.871830 4.131420 -5.682500
-1.431400 3.758010 -5.902720
-0.722880 2.570770 -7.367620
0.014360 2.398430 -9.435730
0.339900 3.442050 -9.502750
0.330320 5.050580 -8.219760
0.349470 6.189950 -7.214430
0.560110 6.496340 -7.396350
1.364370 6.381440 -8.755940
2.465450 5.845270 -11.369790
3.671840 5.175050 -12.403840
4.437810 5.414410 -10.393190
4.725050 7.664440 -10.316590
4.667600 10.910210 -11.427240
5.069730 13.227250 -13.715560
5.960160 11.628300 -14.376200
6.620810 10.421910 -14.797480
7.616560 11.896390 -14.778330
8.018690 14.069820 -15.391110
8.593170 13.696410 -16.942180
9.636790 13.313430 -16.338990
10.555950 16.348560 -13.907050
10.852760 18.483690 -14.615570
10.546380 16.310270 -14.653860
10.096370 14.874080 -16.884740
10.814470 14.538970 -16.769840
12.174050 14.462370 -14.194290
12.777250 13.773010 -14.510250
12.490010 12.987890 -16.434730
12.585760 11.905970 -16.913460
13.064490 9.320830 -15.783660
12.126180 6.687830 -14.883650
11.178300 4.533550 -16.520900
11.140000 2.723960 -16.166640
9.474030 2.321830 -13.878330
7.128260 0.694160 -12.001710
6.381440 -1.364370 -12.097460
5.510160 -2.025020 -13.284700
4.399510 -1.718630 -11.810220
3.394180 -1.766510 -9.339980
2.589920 -2.810130 -8.191040
1.689910 -3.260140 -7.922950
0.684580 -2.733540 -8.497420
-0.694160 -1.326080 -8.334650
-2.302680 -0.617560 -6.879320
-2.963330 -1.555870 -7.156980
-2.704810 -2.015450 -7.942100
-2.168640 -1.354800 -8.430400
-3.173970 0.483520 -7.836780
-4.150570 1.814380 -7.587840
-4.562280 2.072890 -7.741030
-4.361210 1.996300 -8.813380
-4.141000 2.283530 -9.464450
-4.495260 3.355880 -8.669760
