-8.487850 3.308010 1.651610
-8.602740 3.308010 1.507990
-8.401680 3.375030 1.575020
-8.305930 3.394180 1.709060
-8.200610 3.394180 1.795230
-7.884650 3.518650 2.197360
-7.712310 3.652690 2.676090
-7.903800 3.825040 2.494170
-8.258060 3.949510 2.063320
-8.076140 3.719720 2.561200
-7.137830 4.294190 3.767590
-6.170800 5.931440 4.753770
-5.615480 7.367620 4.600580
-5.108030 7.922950 3.671840
-4.418660 7.731460 2.111190
-3.863340 12.767680 -0.349470
-2.953750 16.415590 -1.890980
-2.072890 14.031520 -4.562280
-3.193120 13.926200 -7.061240
-4.504830 11.838940 -6.410170
-3.623970 8.593170 -6.726130
-1.498420 7.779330 -8.401680
-1.460120 12.729380 -8.708060
-2.790980 18.004960 -8.957000
-2.254810 18.502840 -10.048500
0.416490 18.512410 -12.499590
1.967570 19.450720 -15.831540
2.178210 18.253900 -18.646460
2.838860 18.119860 -19.479440
3.671840 19.603910 -19.603910
4.667600 19.603910 -19.173060
7.635710 19.603910 -19.268800
11.522980 19.603910 -19.603910
13.514490 19.603910 -19.603910
16.760270 19.603910 -19.603910
19.594340 19.086880 -19.603910
19.594340 8.497420 -19.603910
19.594340 -2.944180 -19.603910
19.594340 -19.594340 -19.603910
19.489020 -19.594340 -17.775170
12.126180 -19.230510 -8.487850
4.275040 -10.881490 -7.884650
1.766510 -6.735700 -12.413420
2.178210 -8.420830 -13.054910
6.955920 -14.577270 -7.549540
6.103780 -14.280460 -10.642120
16.702820 -12.260220 -12.786830
12.212350 0.196280 -10.747440
10.757020 -3.719720 -7.961250
7.425070 -10.431480 -11.159150
5.280370 -13.370870 -12.030440
3.164390 -12.758100 -10.938940
2.302680 -10.412330 -10.814470
3.604820 -9.550620 -9.320830
4.208020 -8.708060 -9.167640
4.026100 -7.176130 -9.732540
3.786740 -6.515490 -9.091040
2.877160 -6.908050 -8.305930
2.101620 -7.147410 -8.602740
1.900550 -6.716550 -9.655940
2.427150 -5.672930 -10.182540
2.455870 -4.973980 -9.158070
2.216510 -5.423990 -7.961250
1.929270 -5.634630 -8.631470
1.785660 -5.462290 -8.507000
1.766510 -4.782490 -8.755940
