-6.486770 2.455870 5.682500
-6.659110 2.513320 5.672930
-6.601660 2.666510 5.529310
-6.467620 2.589920 5.443140
-6.544210 2.503750 5.356970
-6.477190 2.637790 5.289940
-6.333570 2.628220 5.108030
-6.218680 2.589920 4.686750
-5.873990 2.503750 4.236740
-5.902720 2.513320 3.758010
-6.084630 2.618640 2.972900
-6.122930 2.484600 2.101620
-6.343150 2.245230 1.249480
-6.716550 2.053740 0.636710
-6.678260 2.446300 -0.062230
-6.888900 2.896300 -0.885650
-7.032510 3.384610 -1.881400
-7.022940 3.164390 -3.039920
-7.472940 2.197360 -4.686750
-8.143160 0.761180 -6.075060
-8.315510 1.804800 -6.716550
-8.459130 2.637790 -7.741030
-8.459130 2.810130 -9.320830
-7.980400 2.120770 -10.661270
-8.181460 -0.100530 -12.777250
-8.363380 -1.795230 -14.538970
-8.076140 -1.019690 -15.841110
-7.367620 0.033510 -17.440060
-5.155900 0.157980 -19.335820
-3.499500 -0.330320 -19.603910
-1.785660 -1.852680 -19.594340
1.450550 -3.413330 -19.603910
4.054830 -2.743110 -19.603910
6.888900 -1.632460 -19.603910
10.019780 -1.038840 -19.603910
12.394270 -2.072890 -19.603910
15.477280 -4.744190 -19.603910
19.594340 -8.966580 -19.603910
16.999630 -7.951670 -18.684750
18.206030 -11.637880 -14.529390
19.077310 -19.048590 -15.812390
17.890070 -16.559200 -19.603910
15.295360 -13.246400 -14.060240
13.897470 -4.849520 -8.056990
13.916620 -6.237830 -5.471860
12.308100 -7.549540 -5.902720
8.468700 -4.725050 -7.061240
7.195280 -3.825040 -6.458040
8.899550 -4.610150 -3.872910
8.851680 -6.898470 -2.695240
8.066570 -8.181460 -2.398430
7.444220 -9.780410 -2.704810
5.931440 -11.015530 -2.896300
5.098450 -10.077230 -1.919700
4.830370 -9.809140 -0.895220
3.882480 -9.722970 -0.837770
2.858010 -8.822960 -1.239910
2.159060 -8.957000 -2.130340
1.689910 -8.056990 -3.011200
1.364370 -8.698490 -3.221840
1.297350 -8.909130 -2.723960
1.507990 -7.989970 -2.771840
1.287780 -7.779330 -3.614400
0.847350 -8.736790 -4.217590
0.454790 -8.545290 -4.418660
-0.090960 -9.052750 -4.380360
