-7.147410 3.997380 4.160150
-7.300600 3.805890 4.006950
-7.252730 3.872910 4.179300
-7.118690 3.930360 4.370790
-7.185710 3.968660 4.437810
-7.271880 4.073980 4.217590
-7.367620 3.978230 4.026100
-7.511240 3.872910 3.920780
-7.415500 4.112270 3.681420
-7.195280 4.160150 3.394180
-7.204860 4.121850 3.106940
-7.291030 4.035680 2.676090
-7.329330 4.045250 2.235660
-7.482520 4.255890 2.063320
-7.444220 4.026100 1.594160
-7.587840 4.016530 0.598410
-7.788900 3.030350 -0.445220
-8.037840 3.432480 -1.718630
-7.788900 4.466530 -2.637790
-7.788900 4.954840 -3.604820
-7.654860 5.979310 -5.031430
-7.942100 6.774000 -6.687830
-7.884650 6.745280 -8.162310
-7.606990 6.994220 -10.077230
-7.482520 7.482520 -12.097460
-6.716550 8.545290 -13.811300
-5.902720 9.569770 -16.549630
-4.677170 9.292110 -19.354970
-3.796310 7.434650 -19.603910
-2.340980 6.199530 -19.594340
-0.225000 8.468700 -19.603910
2.149490 10.115520 -19.603910
8.152740 10.115520 -19.603910
15.170890 6.754850 -19.603910
19.594340 7.989970 -19.603910
19.594340 10.613400 -19.603910
19.594340 12.719800 -19.603910
19.594340 10.690000 -19.603910
19.594340 -18.062410 -19.603910
19.594340 -19.594340 -19.603910
19.594340 -19.479440 -13.208110
19.594340 -19.565620 4.466530
19.584760 -13.935770 6.122930
18.320920 -5.222920 -0.177130
17.468790 -14.826210 -8.535720
17.497510 -19.594340 -10.239990
14.577270 -17.784750 -6.936770
13.342150 -11.848520 -1.737780
12.001710 -17.564530 -4.169720
8.439980 -17.583680 -4.160150
7.377200 -14.491100 -2.714390
6.965490 -12.422990 -2.848430
6.745280 -10.929360 -3.106940
6.122930 -10.307010 -3.643120
5.222920 -9.761260 -4.351640
4.600580 -7.712310 -4.591000
4.016530 -6.343150 -4.437810
4.054830 -6.764430 -4.562280
3.652690 -6.687830 -4.638870
3.480350 -6.429320 -5.021860
2.810130 -6.908050 -5.816550
2.235660 -7.922950 -6.544210
1.938850 -7.750610 -5.644200
2.388850 -6.362300 -5.395260
2.216510 -6.122930 -5.653780
1.546290 -6.908050 -7.061240
