-6.936770 -5.002710 2.800560
-6.783580 -5.136750 2.589920
-6.802730 -5.280370 2.369700
-6.793150 -5.596330 2.283530
-6.649530 -5.921870 2.226090
-6.496340 -5.826120 1.843100
-6.611230 -5.491010 1.460120
-6.793150 -5.481440 1.239910
-6.917620 -5.644200 1.010120
-6.898470 -5.577180 0.847350
-6.850600 -5.136750 0.512240
-6.898470 -4.437810 0.148410
-7.070810 -4.073980 -0.043090
-7.003790 -3.853760 -0.359050
-6.783580 -3.250560 -0.818620
-6.553790 -2.159060 -1.469690
-6.438890 -0.694160 -2.542050
-6.400590 0.598410 -3.844190
-6.352720 1.249480 -4.926110
-6.324000 1.747360 -6.103780
-6.505910 2.446300 -7.520820
-6.850600 3.279290 -9.215510
-7.137830 4.141000 -11.771920
-6.774000 3.968660 -14.404930
-7.434650 4.313340 -16.970910
-8.775080 5.366540 -19.412420
-7.664440 4.954840 -19.603910
-5.088880 3.403760 -19.594340
-3.528230 1.680340 -19.603910
-2.092040 -0.062230 -19.603910
0.579260 -2.072890 -19.603910
3.509080 -3.298440 -19.603910
7.233580 -4.734620 -19.603910
11.570860 -7.827200 -19.603910
15.649620 -12.920870 -19.603910
18.167730 -18.081560 -19.603910
19.316680 -19.594340 -19.603910
19.594340 -19.575190 -19.603910
19.594340 -19.594340 -19.603910
19.594340 -19.594340 -19.603910
19.594340 -19.594340 -19.603910
19.594340 -19.594340 -19.603910
19.594340 -19.594340 -19.603910
19.594340 -19.594340 -19.603910
19.594340 -19.594340 -18.129430
19.594340 -19.594340 -9.416580
19.594340 -18.866670 -4.715470
19.594340 -17.124100 -1.354800
19.125180 -19.594340 1.134590
15.898560 -19.594340 2.752690
14.424080 -18.349650 7.204860
12.269800 -14.366630 9.991050
9.081470 -10.230420 11.245320
6.161230 -6.965490 12.585760
3.959080 -4.610150 14.644290
1.661190 -3.164390 14.127260
-0.406920 -3.528230 11.130430
-1.335650 -5.194200 8.507000
-1.881400 -7.166560 7.089960
-3.001620 -8.612320 6.841020
-4.198450 -9.339980 6.601660
-4.772920 -8.918700 6.525060
-5.213350 -6.716550 6.362300
-5.510160 -4.658020 6.084630
-5.720800 -4.456960 5.749520
-6.381440 -5.184620 5.452710
