-8.574020 -2.408000 0.110110
-8.593170 -2.254810 -0.023940
-8.602740 -2.159060 0.014360
-8.526150 -2.273960 0.167550
-8.372950 -2.379280 0.263300
-8.401680 -2.321830 0.177130
-8.545290 -2.264380 0.196280
-8.420830 -2.283530 0.253730
-8.258060 -2.101620 0.263300
-8.238910 -1.613310 0.119680
-8.315510 -1.172880 0.282450
-8.085720 -0.770750 0.368620
-7.683580 -0.215430 -0.090960
-7.233580 0.569690 -0.818620
-6.544210 1.393100 -1.852680
-5.950590 2.321830 -2.618640
-5.615480 3.250560 -3.145240
-5.586760 4.188870 -3.566520
-5.682500 5.041010 -4.504830
-5.615480 5.586760 -6.343150
-5.376120 5.558030 -8.028270
-5.385690 4.964410 -9.129340
-6.075060 4.255890 -10.374040
-6.783580 3.365460 -11.905970
-6.295270 2.264380 -13.428320
-6.094210 2.082470 -15.525150
-5.232500 1.220760 -16.090050
-6.199530 0.292020 -17.554960
-5.739950 -2.637790 -18.387940
-4.227170 -5.251650 -18.225180
-2.714390 -6.343150 -17.851770
-1.986720 -6.927190 -18.464540
-1.192030 -7.386770 -19.067740
-0.502660 -7.674010 -19.565620
0.473940 -8.392100 -18.723050
2.072890 -9.991050 -17.564530
3.623970 -11.819790 -16.520900
4.619720 -12.968740 -16.080470
4.772920 -12.691080 -16.233670
4.437810 -11.848520 -15.506000
4.380360 -11.800650 -14.088960
4.591000 -12.231500 -12.585760
4.811220 -12.748530 -11.905970
5.041010 -13.390020 -11.216600
5.433560 -14.079390 -10.230420
5.711230 -14.596420 -9.177220
5.376120 -14.692160 -8.411250
4.792070 -14.596420 -7.233580
4.428230 -14.586840 -6.295270
3.939930 -14.223010 -5.596330
3.346310 -13.543220 -4.638870
3.183540 -13.485770 -3.911210
2.838860 -13.457050 -3.355880
2.092040 -12.844270 -3.030350
1.402670 -12.020860 -2.609070
1.460120 -11.829370 -1.038840
2.206940 -12.001710 0.435640
1.785660 -11.274040 0.531390
0.550540 -10.230420 0.004790
-0.416490 -9.952760 0.914370
-0.110110 -10.776170 3.164390
0.110110 -10.058080 3.949510
-0.780330 -7.942100 3.240990
-1.575020 -7.089960 2.503750
-1.958000 -8.143160 3.480350
-1.594160 -9.665520 5.462290
