-8.267630 1.000540 -4.294190
-8.200610 0.971820 -4.313340
-8.162310 0.933520 -4.246320
-8.133590 0.952670 -4.188870
-8.124010 1.000540 -4.169720
-8.143160 0.837770 -4.198450
-8.085720 0.847350 -4.227170
-7.970820 0.904800 -4.208020
-7.913370 0.818620 -4.198450
-7.817630 0.761180 -4.131420
-7.875080 0.789900 -4.236740
-7.779330 0.809050 -4.208020
-7.741030 0.799480 -4.217590
-7.453800 0.742030 -4.208020
-7.166560 0.742030 -4.179300
-6.955920 0.962240 -4.236740
-6.553790 1.297350 -4.217590
-5.998460 1.440970 -4.236740
-4.935690 1.699480 -4.112270
-3.892060 3.365460 -4.322910
-2.953750 5.088880 -4.504830
-2.589920 6.381440 -5.232500
-2.283530 5.711230 -5.098450
-2.063320 5.491010 -5.433560
-1.507990 4.064400 -5.845270
-0.292020 4.591000 -6.103780
0.943090 7.827200 -6.726130
2.379280 10.153820 -7.568690
4.428230 12.241080 -9.809140
6.620810 16.281540 -13.399600
9.215510 18.780500 -17.076230
13.303850 19.527320 -14.979400
16.463460 19.603910 -18.675180
19.594340 19.603910 -19.603910
19.594340 19.536890 -19.603910
19.594340 14.682590 -19.603910
19.594340 1.728210 -19.603910
19.594340 -13.351730 -19.603910
19.594340 -19.594340 -19.603910
19.565620 -19.565620 -19.603910
9.148490 -19.594340 -19.603910
-10.814470 -11.695330 -10.527230
-17.957090 5.012280 9.809140
-6.304850 1.958000 0.837770
4.801640 -4.198450 -9.761260
8.803810 -6.908050 -13.820880
10.709150 -10.249570 -12.308100
7.779330 -3.260140 -10.766590
7.013370 -4.456960 -7.721880
5.395260 -9.617650 -9.330410
2.896300 -9.971900 -10.555950
2.130340 -4.916540 -9.454880
2.790980 -0.531390 -7.434650
3.461200 1.153730 -6.668680
3.375030 -0.483520 -7.808050
2.733540 -1.670760 -8.861260
2.226090 -1.153730 -8.794230
1.852680 -1.335650 -8.210190
1.718630 -2.331410 -8.325080
1.651610 -3.087800 -8.870830
1.737780 -2.542050 -9.043170
1.728210 -1.833530 -9.052750
1.450550 -1.709060 -8.918700
1.057990 -2.235660 -8.794230
0.837770 -1.565440 -9.014450
0.722880 -0.837770 -9.100620
