-8.602740 2.532470 -2.542050
-8.554870 2.580340 -2.561200
-8.564440 2.589920 -2.542050
-8.669760 2.570770 -2.618640
-8.679340 2.561200 -2.704810
-8.593170 2.656940 -2.781410
-8.535720 2.714390 -2.848430
-8.526150 2.752690 -2.944180
-8.535720 2.848430 -3.039920
-8.372950 3.030350 -3.317590
-8.248480 3.212260 -3.480350
-8.143160 3.480350 -3.623970
-7.970820 3.719720 -3.882480
-7.731460 4.064400 -4.102700
-7.396350 4.753770 -4.361210
-6.955920 5.979310 -4.792070
-6.620810 7.358050 -5.108030
-6.496340 8.717640 -5.500590
-6.879320 10.115520 -5.941020
-7.156980 10.785740 -6.228250
-7.176130 11.647450 -7.061240
-7.013370 12.068730 -8.267630
-7.042090 13.150660 -9.368710
-7.501670 15.218760 -10.795320
-7.731460 17.382610 -12.595330
-7.224010 18.301770 -14.203860
-6.237830 19.345400 -15.994300
-4.638870 18.971990 -15.764510
-2.589920 18.569860 -16.961330
0.000000 19.354970 -16.788990
8.698490 15.984730 -12.040010
14.577270 11.503840 -13.629390
19.594340 6.477190 -14.309180
19.594340 -3.260140 -18.981560
19.594340 -19.594340 -19.594340
19.594340 -19.536890 -17.679430
18.732630 -19.039010 -14.969830
5.701650 -5.433560 -19.603910
-10.881490 2.877160 -11.178300
-11.599580 -7.760180 3.442050
-6.620810 -18.895400 -7.243150
-4.150570 -19.163480 -8.746360
-0.876070 -8.679340 -10.728290
2.293110 -3.327160 -13.303850
4.418660 -0.952670 -7.166560
-0.301600 0.272870 -5.538880
-3.212260 -5.969740 -6.036760
-4.198450 -9.263390 -7.587840
-3.011200 -8.947430 -8.564440
-1.881400 -7.080390 -8.344230
-1.938850 -7.233580 -8.277210
-2.178210 -8.076140 -8.727210
-2.570770 -7.147410 -8.420830
-2.848430 -6.065480 -8.095290
-1.900550 -5.797400 -8.104870
-2.293110 -5.605900 -7.568690
-2.302680 -5.347390 -7.300600
-2.331410 -5.510160 -7.434650
-2.417580 -6.142080 -8.047420
-2.388850 -6.065480 -8.372950
-2.465450 -5.864420 -7.961250
-2.781410 -5.730370 -7.578260
-2.484600 -6.017610 -7.779330
-2.312260 -5.625050 -7.865500
-2.273960 -5.060160 -8.047420
-2.436730 -5.270800 -8.047420
