-6.955920 -1.192030 5.423990
-7.051660 -1.326080 5.385690
-7.109110 -1.278200 5.232500
-7.042090 -1.048410 5.031430
-6.927190 -1.019690 4.868660
-6.697400 -1.125010 4.763340
-6.745280 -1.316500 4.619720
-7.003790 -1.354800 4.370790
-7.214430 -1.048410 4.006950
-7.243150 -0.368620 3.461200
-7.338900 0.004790 2.953750
-7.386770 0.000000 2.475020
-7.587840 0.560110 1.919700
-7.808050 0.703730 1.555870
-7.989970 0.598410 0.713300
-8.076140 0.722880 -0.071810
-8.315510 0.962240 -0.722880
-8.133590 1.412250 -1.259050
-8.133590 1.795230 -2.063320
-8.679340 1.479270 -3.643120
-9.062320 0.339900 -4.820790
-8.889980 0.828200 -5.615480
-9.416580 1.603740 -6.955920
-9.205940 2.369700 -8.516570
-8.736790 2.589920 -10.297440
-8.698490 0.521810 -12.892150
-8.497420 -1.670760 -15.218760
-8.200610 -0.885650 -15.764510
-7.061240 1.259050 -17.267720
-5.615480 1.967570 -19.603910
-2.790980 0.818620 -19.603910
-0.770750 -0.780330 -19.603910
1.881400 0.090960 -19.603910
4.725050 3.394180 -19.603910
9.761260 3.279290 -19.603910
14.318750 -4.150570 -19.603910
15.506000 -5.644200 -19.603910
17.526230 -2.379280 -19.603910
19.527320 -1.900550 -19.287950
19.594340 -7.606990 -17.104950
19.019860 -19.594340 -13.830450
17.162400 -13.294280 -19.010290
18.521990 -6.706980 -10.412330
16.453880 -6.553790 -6.084630
12.365540 -4.954840 -5.615480
10.364460 -5.605900 -5.950590
9.627220 -8.660190 -5.127180
8.727210 -9.684670 -4.715470
8.813380 -9.952760 -3.260140
8.468700 -9.531480 -2.168640
7.051660 -9.464450 -2.101620
6.084630 -10.919790 -2.398430
5.050580 -11.274040 -2.226090
4.160150 -10.402760 -1.737780
3.623970 -9.483600 -1.546290
3.221840 -8.928280 -1.996300
2.819710 -9.742120 -2.685660
2.408000 -10.058080 -3.279290
1.929270 -9.675090 -3.556950
1.613310 -9.866590 -3.901630
1.527140 -9.474030 -4.255890
1.230330 -8.746360 -4.313340
1.086710 -8.401680 -4.571850
1.000540 -7.884650 -4.859090
0.780330 -7.932520 -5.500590
0.320750 -7.989970 -5.941020
