-8.516570 -2.752690 0.253730
-8.507000 -2.695240 0.196280
-8.631470 -2.647370 0.129260
-8.822960 -2.656940 -0.052660
-8.995300 -2.599490 -0.081380
-8.957000 -2.599490 -0.043090
-8.851680 -2.465450 -0.110110
-8.861260 -2.178210 -0.349470
-8.842110 -1.938850 -0.473940
-8.717640 -1.804800 -0.531390
-8.564440 -1.689910 -0.560110
-8.439980 -1.479270 -0.646280
-8.258060 -1.077140 -0.876070
-8.028270 -0.550540 -1.144160
-7.798480 0.138830 -1.326080
-7.549540 0.914370 -1.680340
-7.137830 1.517570 -2.206940
-6.668680 1.929270 -2.992050
-6.458040 2.293110 -3.882480
-6.544210 2.609070 -4.504830
-6.754850 2.743110 -4.945260
-6.783580 2.408000 -5.739950
-6.448470 1.948420 -7.051660
-6.008040 1.689910 -8.267630
-5.950590 1.565440 -9.311260
-6.419740 0.607980 -9.722970
-6.525060 -1.795230 -9.818710
-5.864420 -4.236740 -10.967660
-5.385690 -5.060160 -12.853850
-5.366540 -4.820790 -14.002790
-5.261220 -5.289940 -13.878330
-4.303770 -7.281450 -12.700650
-3.020770 -9.330410 -12.375120
-2.819710 -10.488930 -13.026190
-2.350550 -12.164480 -12.815550
-1.785660 -13.208110 -11.398510
-1.402670 -13.667690 -11.120850
-1.057990 -13.600660 -11.044250
-0.837770 -13.141090 -10.852760
-0.387770 -13.064490 -9.435730
0.368620 -13.035760 -7.980400
0.837770 -12.987890 -7.405920
0.665430 -12.537890 -7.453800
0.215430 -12.164480 -7.721880
0.043090 -12.212350 -7.970820
-0.330320 -11.819790 -8.076140
-0.818620 -11.111280 -7.674010
-1.048410 -10.967660 -7.156980
-1.019690 -11.187870 -7.061240
-1.182460 -11.044250 -7.463370
-1.766510 -10.441060 -7.750610
-2.417580 -9.483600 -7.501670
-2.503750 -9.081470 -6.965490
-2.092040 -9.081470 -6.821870
-1.756930 -8.937850 -6.821870
-1.737780 -8.822960 -6.812300
-1.804800 -8.937850 -6.726130
-1.527140 -9.062320 -6.927190
-1.345230 -8.918700 -6.639960
-1.450550 -8.631470 -5.366540
-1.412250 -8.736790 -4.476110
-1.651610 -8.813380 -4.878240
-2.436730 -8.669760 -5.481440
-2.838860 -8.803810 -5.021860
-2.561200 -9.110190 -4.054830
-2.197360 -9.263390 -3.327160
