-8.593170 -2.245230 -0.636710
-8.660190 -2.082470 -0.703730
-8.526150 -2.111190 -0.607980
-8.401680 -2.139910 -0.550540
-8.305930 -2.082470 -0.665430
-8.267630 -1.881400 -0.866500
-8.325080 -1.613310 -0.971820
-8.258060 -1.393100 -0.952670
-8.076140 -1.144160 -1.115440
-7.989970 -0.675010 -1.517570
-7.980400 -0.062230 -1.977150
-7.884650 0.598410 -2.312260
-7.712310 1.125010 -2.503750
-7.635710 1.460120 -2.972900
-7.760180 1.622890 -4.026100
-7.884650 1.823950 -5.232500
-7.817630 2.101620 -5.711230
-7.549540 2.283530 -5.653780
-7.252730 2.475020 -5.912290
-6.793150 2.695240 -6.812300
-6.314420 2.723960 -7.798480
-5.739950 2.465450 -8.765510
-5.088880 1.948420 -9.837860
-4.571850 1.345230 -10.958080
-4.399510 0.761180 -11.944260
-4.380360 0.023940 -13.332580
-4.351640 -0.799480 -15.228340
-4.073980 -1.833530 -16.664520
-3.623970 -2.810130 -17.258140
-3.269710 -3.461200 -18.139010
-3.011200 -4.150570 -18.368790
-2.149490 -5.787820 -18.742200
-1.211180 -7.970820 -19.441140
-0.569690 -9.761260 -19.603910
-0.157980 -10.555950 -19.603910
0.119680 -10.622970 -19.603910
1.479270 -10.804890 -18.943270
2.810130 -11.388940 -18.464540
3.499500 -11.714480 -18.416670
4.265470 -12.116610 -16.712400
5.558030 -13.198530 -14.558120
6.486770 -14.404930 -13.658110
6.381440 -14.328330 -13.993220
6.036760 -13.418750 -12.949590
6.821870 -13.887900 -9.464450
8.076140 -15.228340 -7.118690
8.325080 -15.036850 -6.496340
7.214430 -14.155990 -5.625050
7.022940 -14.462370 -2.685660
8.286780 -14.395350 -0.100530
8.248480 -12.509160 1.642040
6.745280 -10.603830 3.327160
5.318670 -10.441060 5.021860
4.667600 -11.197450 5.835700
3.882480 -11.015530 6.304850
2.589920 -10.096370 6.256970
1.383520 -9.732540 5.845270
0.435640 -9.818710 5.462290
-0.292020 -9.799560 5.328240
-0.454790 -9.483600 5.433560
-0.876070 -8.363380 5.711230
-1.278200 -6.994220 6.343150
-1.507990 -5.893140 6.639960
-2.053740 -4.973980 6.458040
-2.609070 -4.734620 5.969740
-2.704810 -5.309090 5.806970
