-8.124010 -2.398430 1.785660
-8.104870 -2.159060 1.689910
-8.018690 -2.063320 1.958000
-7.817630 -2.111190 2.092040
-7.702730 -1.977150 1.862250
-7.721880 -1.670760 1.460120
-7.808050 -1.393100 1.469690
-7.760180 -1.211180 1.603740
-7.741030 -0.847350 1.412250
-7.913370 -0.253730 1.000540
-8.095290 0.090960 0.588840
-8.047420 0.148410 -0.062230
-8.047420 0.292020 -0.971820
-8.353800 0.540960 -1.507990
-8.602740 0.789900 -1.823950
-8.526150 0.990970 -2.302680
-8.430400 1.000540 -2.953750
-8.411250 0.914370 -3.805890
-8.401680 0.713300 -5.002710
-8.363380 0.359050 -6.247400
-8.267630 -0.043090 -7.214430
-8.104870 -0.588840 -7.539970
-8.047420 -1.192030 -7.817630
-8.286780 -1.785660 -8.842110
-8.191040 -2.838860 -10.488930
-7.549540 -4.447380 -11.838940
-6.735700 -6.324000 -12.001710
-6.314420 -7.358050 -12.614480
-6.333570 -7.300600 -13.629390
-5.979310 -7.741030 -13.284700
-4.275040 -9.962330 -11.858090
-3.078220 -11.714480 -12.231500
-2.800560 -11.896390 -13.179380
-2.360130 -11.867670 -13.533640
-1.431400 -12.796400 -12.614480
0.292020 -14.854930 -11.111280
2.025020 -16.434730 -11.034680
2.321830 -16.090050 -12.317670
2.273960 -16.032600 -12.087880
3.777160 -18.301770 -9.732540
5.730370 -19.594340 -7.338900
6.486770 -18.914550 -6.601660
6.103780 -17.009210 -6.678260
5.615480 -16.214520 -5.366540
6.735700 -16.970910 -2.015450
7.808050 -15.764510 -0.004790
7.291030 -13.236830 0.177130
5.988890 -11.561280 0.119680
5.098450 -11.953840 2.350550
5.653780 -13.198530 4.208020
5.347390 -12.250650 4.227170
4.198450 -10.651700 3.844190
3.384610 -9.694240 4.284620
3.078220 -9.474030 5.500590
2.925030 -9.521900 6.793150
2.187790 -8.899550 6.955920
1.412250 -7.961250 6.611230
0.981390 -7.377200 6.515490
0.502660 -7.013370 6.841020
0.196280 -6.534640 7.444220
-0.062230 -5.835700 7.472940
-1.057990 -5.433560 6.668680
-2.245230 -5.998460 6.209100
-2.656940 -6.908050 6.237830
-2.599490 -6.994220 6.563360
-2.513320 -6.180380 6.601660
