-8.727210 0.540960 -3.059070
-8.660190 0.483520 -3.193120
-8.631470 0.694160 -3.327160
-8.583590 0.904800 -3.461200
-8.459130 0.933520 -3.518650
-8.334650 0.694160 -3.585670
-8.219760 0.885650 -3.844190
-8.152740 1.048410 -4.006950
-8.066570 1.393100 -4.370790
-7.942100 1.651610 -4.619720
-7.865500 2.092040 -5.060160
-7.760180 1.862250 -5.232500
-7.539970 0.962240 -5.376120
-7.453800 0.292020 -5.529310
-7.520820 0.512240 -5.682500
-7.348470 1.057990 -5.682500
-7.185710 -0.033510 -5.826120
-6.668680 -1.440970 -5.749520
-6.429320 -0.943090 -6.122930
-6.601660 0.110110 -6.008040
-6.611230 1.565440 -6.122930
-6.486770 2.838860 -7.089960
-6.515490 3.901630 -7.434650
-6.381440 4.792070 -8.229340
-6.553790 5.969740 -9.885730
-7.185710 7.425070 -11.771920
-6.841020 8.277210 -13.667690
-5.519730 9.694240 -15.103870
-4.064400 11.331490 -16.224090
-2.312260 12.786830 -16.080470
1.670760 12.336820 -14.663440
4.868660 10.737870 -15.812390
8.191040 8.353800 -12.949590
11.771920 9.742120 -14.845360
18.579440 5.337820 -19.546470
19.594340 -4.370790 -19.603910
19.565620 -8.372950 -19.594340
18.531560 -19.039010 -18.158150
17.851770 -19.594340 -15.161320
7.587840 -19.565620 -15.170890
-3.327160 -19.086880 -11.015530
-11.379360 -8.258060 -8.669760
-7.846350 6.400590 -8.468700
2.771840 5.088880 -4.983560
6.343150 -2.810130 -6.304850
4.389940 -9.129340 -9.167640
3.116520 -7.942100 -9.933610
1.795230 -1.766510 -9.426150
1.278200 -1.699480 -8.957000
0.215430 -5.088880 -9.301690
-0.962240 -7.482520 -8.909130
-0.990970 -7.482520 -8.593170
-0.847350 -6.180380 -9.110190
-0.694160 -4.811220 -9.493180
-0.292020 -3.556950 -9.560200
-0.397340 -3.576100 -9.684670
-0.550540 -4.236740 -9.770840
-0.560110 -4.169720 -9.569770
-0.627130 -3.872910 -9.062320
-0.636710 -4.217590 -8.717640
-0.406920 -4.523980 -9.186790
-0.234580 -4.610150 -9.521900
-0.426070 -4.361210 -9.761260
-0.722880 -3.987800 -9.646370
-0.809050 -3.585670 -9.129340
-0.818620 -3.480350 -8.861260
