-8.870830 -0.655860 2.398430
-8.784660 -0.732450 2.408000
-8.842110 -0.665430 2.360130
-8.918700 -0.579260 2.532470
-8.784660 -0.617560 3.145240
-8.612320 -0.550540 3.882480
-8.822960 -0.435640 4.016530
-9.138920 -0.071810 3.901630
-8.535720 0.981390 3.863340
-7.338900 2.111190 4.121850
-6.620810 2.934600 4.437810
-6.477190 3.681420 4.150570
-6.620810 4.466530 2.810130
-6.467620 5.146330 0.837770
-5.902720 5.960160 -1.479270
-5.701650 7.654860 -3.145240
-6.065480 10.316590 -4.265470
-6.324000 11.350640 -4.294190
-5.941020 10.153820 -3.528230
-5.452710 9.828290 -3.882480
-5.414410 11.111280 -5.979310
-5.481440 11.829370 -8.899550
-4.849520 11.628300 -10.029350
-3.758010 12.193200 -11.446390
-2.561200 14.634720 -13.083640
-1.498420 18.062410 -14.663440
-0.119680 19.603910 -17.306020
1.536720 19.603910 -19.240080
3.442050 19.603910 -19.546470
6.486770 19.603910 -18.837950
11.321920 19.603910 -16.568780
13.064490 19.603910 -16.080470
16.099620 19.603910 -19.268800
19.594340 19.556040 -19.603910
19.594340 13.878330 -19.364550
19.594340 12.710230 -19.603910
19.594340 -19.594340 -19.603910
19.067740 -19.594340 -11.771920
11.743200 -19.144330 -14.874080
9.349560 -6.324000 -10.862340
0.493090 4.303770 -5.155900
2.599490 -6.639960 -5.577180
7.128260 -17.736870 -17.468790
12.317670 -19.594340 -10.795320
14.299610 -11.072980 -5.701650
11.532560 -2.886730 -11.216600
12.078310 -11.408090 -10.891060
6.726130 -15.917710 -12.719800
4.667600 -13.840030 -11.350640
4.916540 -9.512330 -9.253810
3.604820 -7.204860 -10.364460
2.752690 -8.439980 -9.646370
4.246320 -8.152740 -7.942100
6.199530 -6.774000 -6.678260
5.462290 -6.304850 -7.635710
3.920780 -7.559120 -9.263390
2.819710 -7.760180 -9.177220
3.221840 -6.333570 -8.334650
3.758010 -4.744190 -8.315510
3.911210 -4.581430 -8.669760
4.045250 -5.242070 -8.363380
3.834610 -4.686750 -7.664440
3.327160 -4.878240 -7.635710
2.656940 -5.701650 -8.305930
2.743110 -5.069730 -8.430400
2.925030 -4.016530 -8.554870
