-7.444220 4.208020 -2.446300
-7.530390 4.399510 -2.532470
-7.587840 4.581430 -2.695240
-7.674010 4.523980 -2.752690
-7.674010 4.409090 -2.771840
-7.760180 4.514410 -2.915450
-7.865500 4.581430 -3.106940
-7.884650 4.533550 -3.240990
-7.855930 4.495260 -3.384610
-7.846350 4.504830 -3.623970
-7.884650 4.418660 -3.882480
-7.788900 4.313340 -4.026100
-7.597410 4.303770 -4.188870
-7.358050 4.332490 -4.332490
-7.195280 4.514410 -4.581430
-7.080390 4.859090 -4.887810
-6.898470 5.299520 -5.328240
-6.515490 5.538880 -5.787820
-5.960160 5.883570 -6.515490
-5.423990 6.735700 -7.482520
-4.897390 7.894220 -8.296360
-4.313340 8.880400 -9.454880
-3.805890 10.565530 -9.837860
-3.308010 13.083640 -10.852760
-2.647370 14.759190 -11.704900
-1.603740 15.496430 -12.422990
-0.043090 15.333660 -12.355970
3.911210 14.845360 -12.365540
8.439980 14.136840 -12.413420
11.733620 11.321920 -16.367710
13.811300 5.979310 -19.603910
18.033680 -4.926110 -19.603910
19.594340 -11.417660 -19.594340
19.546470 -9.215510 -19.603910
18.435820 -14.232580 -19.354970
19.594340 -19.594340 -15.534720
11.245320 -19.556040 -16.903890
-2.925030 -19.594340 -10.038930
-12.193200 -11.848520 -10.919790
-12.873000 11.819790 -12.413420
1.680340 11.494260 -4.389940
11.187870 -2.197360 -5.404840
7.405920 -11.714480 -9.129340
2.360130 -12.528310 -9.272960
-2.475020 -6.247400 -10.508080
0.732450 -5.002710 -7.712310
0.990970 -6.103780 -7.836780
-1.144160 -8.708060 -8.612320
-2.408000 -7.846350 -8.574020
-1.699480 -6.477190 -8.056990
-0.770750 -5.826120 -8.631470
-0.435640 -5.854840 -9.043170
-0.665430 -5.462290 -8.976150
-0.780330 -5.280370 -8.516570
-0.847350 -5.385690 -8.267630
-1.067560 -5.768670 -8.181460
-1.105860 -5.979310 -8.114440
-0.818620 -6.113360 -8.219760
-0.866500 -5.912290 -8.286780
-1.326080 -5.768670 -8.449550
-1.297350 -5.931440 -8.487850
-1.115440 -5.615480 -8.296360
-1.249480 -5.385690 -7.836780
-1.249480 -5.261220 -7.683580
-1.048410 -5.605900 -7.597410
-1.239910 -5.672930 -7.798480
