-7.472940 3.451630 -4.849520
-7.463370 3.796310 -5.002710
-7.415500 3.968660 -5.108030
-7.415500 3.825040 -5.347390
-7.472940 3.413330 -5.414410
-7.425070 2.992050 -5.519730
-7.568690 3.039920 -5.663350
-7.635710 3.183540 -5.778250
-7.511240 3.365460 -5.921870
-7.597410 3.662270 -6.228250
-7.511240 3.700570 -6.496340
-7.386770 3.825040 -6.860170
-7.271880 3.844190 -7.032510
-7.214430 4.112270 -7.080390
-7.070810 4.016530 -7.128260
-6.716550 3.480350 -7.214430
-6.477190 3.116520 -7.444220
-6.706980 3.087800 -7.980400
-6.659110 3.231410 -8.583590
-6.371870 3.489930 -8.851680
-6.180380 3.959080 -9.359130
-6.075060 3.576100 -9.655940
-5.787820 3.145240 -9.924030
-5.462290 3.432480 -10.029350
-5.088880 4.131420 -10.067650
-4.897390 5.462290 -10.833610
-4.571850 6.955920 -12.250650
-4.255890 8.545290 -13.907050
-2.934600 8.305930 -14.213440
-1.010120 7.070810 -13.954920
1.259050 5.548460 -13.188960
2.666510 4.303770 -13.265550
5.069730 2.025020 -14.720890
7.281450 0.090960 -16.262390
8.861260 -4.744190 -16.185790
11.858090 -11.159150 -14.548550
13.581510 -13.840030 -13.945350
15.343230 -19.556040 -12.212350
10.852760 -19.594340 -11.159150
-0.157980 -17.947510 -11.561280
-9.761260 -9.311260 -7.970820
-9.809140 -0.952670 -6.122930
0.225000 -2.915450 -5.462290
3.432480 -7.003790 -7.951670
2.101620 -9.234660 -7.587840
-1.326080 -7.530390 -7.204860
-1.603740 -8.191040 -6.218680
-1.086710 -7.377200 -6.295270
-2.120770 -7.061240 -7.683580
-3.030350 -7.712310 -7.358050
-2.082470 -5.902720 -6.496340
-1.871830 -6.170800 -6.151650
-2.130340 -6.678260 -7.233580
-1.996300 -6.477190 -7.597410
-2.398430 -6.170800 -7.559120
-3.078220 -6.553790 -7.319750
-3.011200 -7.099540 -6.994220
-2.618640 -6.774000 -6.821870
-2.896300 -6.467620 -6.735700
-2.676090 -6.438890 -7.156980
-2.465450 -6.180380 -7.425070
-2.570770 -5.883570 -7.769760
-2.704810 -5.883570 -7.453800
-2.858010 -5.519730 -7.089960
-3.020770 -5.787820 -6.774000
-2.944180 -6.371870 -6.850600
