-7.951670 0.378200 0.531390
-8.325080 0.378200 -0.167550
-8.688910 0.473940 -1.096290
-8.708060 0.665430 -2.034590
-8.602740 1.134590 -2.589920
-8.909130 1.565440 -2.235660
-8.976150 2.139910 -2.283530
-8.775080 3.049500 -3.126090
-9.253810 3.939930 -3.221840
-9.857010 4.217590 -3.442050
-9.502750 4.437810 -4.677170
-8.966580 4.859090 -5.605900
-8.861260 4.686750 -6.276120
-8.746360 4.600580 -6.103780
-8.353800 5.232500 -5.941020
-7.827200 5.854840 -7.252730
-7.214430 5.950590 -9.014450
-6.965490 5.912290 -9.445300
-6.525060 5.921870 -9.349560
-5.385690 6.706980 -10.833610
-4.705900 6.601660 -13.083640
-4.313340 5.165480 -14.701740
-2.992050 4.121850 -16.568780
-1.249480 3.576100 -17.976240
-0.119680 3.011200 -17.526230
1.144160 3.279290 -17.009210
2.503750 4.313340 -15.956000
4.083550 4.552700 -16.683670
6.534640 3.030350 -19.536890
9.761260 0.320750 -19.603910
12.719800 0.885650 -19.594340
18.062410 4.380360 -19.603910
19.594340 8.870830 -19.603910
19.575190 12.566610 -19.603910
19.594340 12.375120 -19.603910
19.594340 1.498420 -19.603910
19.594340 -17.775170 -15.467700
19.594340 -19.594340 -8.775080
16.329410 -18.502840 -12.700650
11.140000 -11.972990 -10.268720
7.539970 -12.710230 2.618640
1.239910 -12.174050 1.345230
4.370790 -12.078310 -10.211270
6.333570 -13.859180 -10.575100
6.965490 -12.413420 -9.292110
8.363380 -10.058080 -9.655940
9.368710 -8.574020 -7.731460
9.837860 -11.197450 -6.659110
9.004870 -14.644290 -4.859090
5.519730 -12.490010 -8.363380
5.299520 -12.202780 -7.578260
5.347390 -11.532560 -7.224010
4.265470 -8.420830 -7.405920
4.514410 -6.266550 -7.367620
4.322910 -6.477190 -6.553790
4.016530 -8.439980 -6.381440
3.930360 -8.708060 -7.118690
4.102700 -7.549540 -7.061240
4.236740 -7.051660 -7.204860
4.380360 -7.243150 -7.712310
4.198450 -7.051660 -6.946340
3.892060 -6.678260 -6.458040
3.432480 -6.371870 -7.472940
3.346310 -6.333570 -8.765510
3.700570 -6.371870 -8.171890
3.844190 -5.692080 -7.080390
