-8.727210 -2.398430 1.795230
-8.775080 -2.340980 1.795230
-8.851680 -2.187790 1.747360
-8.889980 -2.245230 1.823950
-8.784660 -2.427150 1.929270
-8.755940 -2.475020 1.977150
-8.889980 -2.427150 1.986720
-8.985730 -2.245230 2.283530
-8.966580 -1.996300 2.561200
-9.119770 -1.996300 2.714390
-9.110190 -2.111190 2.695240
-8.870830 -1.900550 2.628220
-8.650620 -1.546290 2.925030
-8.392100 -1.144160 3.375030
-8.114440 -0.560110 3.384610
-8.056990 0.406920 3.260140
-7.731460 1.412250 3.116520
-7.262300 2.647370 2.092040
-6.812300 4.160150 -0.004790
-6.764430 6.027190 -2.867580
-7.214430 8.612320 -5.768670
-8.162310 12.164480 -7.865500
-7.463370 13.753860 -7.492090
-5.318670 15.276210 -8.621890
-4.035680 17.009210 -10.632550
-4.418660 17.315590 -14.041090
-3.059070 14.874080 -18.579440
-0.234580 18.110280 -18.636880
-1.670760 19.603910 -16.903890
-1.814380 19.584760 -19.603910
4.179300 19.603910 -19.603910
15.582600 19.603910 -19.096460
19.594340 19.603910 -17.248570
19.546470 19.603910 -18.359220
19.594340 19.603910 -19.067740
19.594340 16.233670 -19.603910
19.594340 -16.367710 -19.594340
19.594340 -19.594340 -19.450720
19.594340 -18.665610 -13.820880
19.019860 6.908050 0.646280
9.215510 19.603910 0.990970
11.072980 -4.208020 -8.267630
19.594340 -19.594340 -12.509160
19.584760 -18.780500 -10.268720
19.479440 -5.768670 -16.683670
13.638960 -14.864500 -19.307100
5.012280 -19.594340 -13.294280
5.021860 -14.347480 -9.521900
10.163400 -10.690000 -7.128260
7.980400 -11.915540 -10.287870
6.381440 -13.150660 -10.680420
6.955920 -9.818710 -10.163400
6.553790 -8.296360 -6.726130
4.753770 -8.305930 -6.544210
4.131420 -6.036760 -8.612320
4.686750 -4.782490 -10.460210
5.395260 -5.347390 -9.569770
4.303770 -5.768670 -7.961250
3.193120 -5.423990 -10.105950
4.878240 -3.221840 -9.110190
6.400590 -1.670760 -8.535720
10.345310 -6.697400 -5.088880
5.644200 -2.810130 -5.893140
2.542050 -1.306930 -7.310180
1.412250 -2.139910 -7.472940
1.373950 -2.886730 -8.401680
