-6.515490 0.569690 5.787820
-6.572940 0.742030 5.797400
-6.391020 0.579260 6.256970
-6.199530 0.512240 6.295270
-6.237830 0.502660 6.247400
-6.199530 0.569690 6.075060
-6.170800 0.713300 6.027190
-6.180380 0.895220 5.778250
-6.410170 1.192030 5.519730
-6.620810 1.536720 5.155900
-6.955920 1.728210 4.638870
-6.706980 1.862250 4.351640
-6.639960 2.168640 3.767590
-6.764430 2.226090 3.355880
-6.362300 2.063320 2.963330
-5.845270 2.092040 1.929270
-5.739950 2.331410 0.761180
-5.739950 2.628220 -0.263300
-5.634630 2.695240 -0.971820
-5.108030 2.848430 -2.015450
-4.859090 3.288860 -3.164390
-4.935690 3.758010 -4.638870
-5.395260 3.892060 -6.065480
-6.084630 3.652690 -7.147410
-6.170800 3.011200 -9.378280
-6.266550 1.622890 -10.843190
-5.960160 0.110110 -12.815550
-5.577180 -2.034590 -13.725130
-4.571850 -4.073980 -15.285790
-4.667600 -6.046330 -15.984730
-2.781410 -11.733620 -19.603910
-1.440970 -14.969830 -19.603910
-0.502660 -17.382610 -19.603910
3.173970 -19.594340 -19.603910
7.654860 -19.594340 -19.603910
11.015530 -19.594340 -19.603910
15.601750 -19.594340 -19.603910
19.115610 -19.594340 -18.206030
19.594340 -19.594340 -14.960250
19.584760 -19.594340 -11.896390
19.594340 -19.594340 -4.763340
19.594340 -19.594340 -1.402670
19.594340 -16.645370 -1.134590
19.594340 -10.230420 1.833530
17.373040 -0.560110 7.769760
10.517650 -2.063320 14.835780
13.782580 -11.848520 11.542130
9.608070 -13.284700 5.117600
6.697400 -12.499590 1.153730
7.243150 -12.011290 1.555870
9.368710 -9.694240 4.399510
8.861260 -3.968660 5.893140
5.921870 -0.071810 8.066570
3.422910 0.445220 8.746360
1.259050 -0.780330 8.066570
0.866500 -1.603740 7.195280
0.923950 -0.981390 6.572940
0.397340 -0.445220 7.472940
0.177130 -0.215430 7.606990
-0.742030 -0.856920 6.410170
-1.172880 -0.847350 6.266550
-1.393100 -0.081380 5.883570
-1.843100 0.866500 6.008040
-2.589920 1.268630 6.458040
-2.494170 1.642040 7.195280
-2.733540 2.580340 7.616560
