-7.118690 1.575020 4.351640
-6.955920 1.546290 4.275040
-6.965490 1.450550 4.112270
-6.917620 1.469690 3.767590
-6.927190 1.699480 3.327160
-6.869750 2.025020 2.925030
-6.582510 2.321830 2.542050
-6.371870 2.781410 1.862250
-6.515490 3.020770 1.402670
-6.410170 3.068650 0.923950
-6.180380 3.145240 0.177130
-6.247400 3.183540 -0.531390
-6.247400 2.867580 -1.115440
-6.075060 1.967570 -1.239910
-5.558030 1.000540 -1.507990
-5.318670 0.713300 -2.044170
-5.491010 0.684580 -2.743110
-5.558030 0.177130 -3.183540
-5.423990 -0.799480 -3.126090
-5.366540 -1.469690 -3.815460
-5.912290 -2.197360 -5.213350
-5.845270 -3.518650 -6.477190
-5.328240 -5.759100 -6.611230
-4.658020 -7.587840 -6.458040
-4.792070 -7.894220 -7.472940
-5.136750 -9.033600 -8.554870
-3.336730 -11.762350 -8.909130
-1.680340 -14.538970 -9.655940
-1.766510 -14.041090 -10.364460
-1.814380 -14.701740 -10.862340
0.512240 -18.014540 -10.546380
3.221840 -19.594340 -10.335740
4.380360 -19.383700 -10.929360
3.978230 -17.937940 -11.082550
4.734620 -18.732630 -10.153820
6.774000 -19.594340 -8.937850
8.497420 -19.594340 -9.205940
7.779330 -19.584760 -9.962330
7.702730 -19.364550 -9.943180
8.765510 -19.594340 -7.865500
10.900640 -19.594340 -5.653780
11.168730 -18.723050 -4.303770
9.742120 -15.956000 -3.920780
8.315510 -15.391110 -4.744190
7.166560 -17.286870 -3.968660
7.511240 -19.153910 -2.532470
8.679340 -17.794320 -1.910120
9.043170 -14.538970 -0.990970
8.976150 -12.145330 0.397340
7.453800 -10.967660 1.938850
5.979310 -11.130430 2.475020
5.634630 -11.570860 2.723960
5.759100 -10.383610 3.365460
5.759100 -8.076140 4.686750
4.906960 -5.586760 5.433560
3.145240 -3.748440 6.237830
1.986720 -2.982480 7.099540
1.479270 -3.193120 7.453800
1.125010 -3.758010 6.994220
0.636710 -3.336730 6.132510
-0.646280 -2.513320 5.586760
-1.326080 -2.369700 5.481440
-0.933520 -2.829280 5.242070
-0.751600 -2.666510 5.356970
-1.067560 -1.498420 5.625050
-2.159060 0.167550 5.787820
