-7.865500 2.465450 2.025020
-7.836780 2.455870 1.776080
-8.009120 2.312260 1.450550
-7.989970 2.379280 0.789900
-7.951670 2.752690 0.071810
-7.922950 3.030350 -0.512240
-7.970820 3.173970 -0.770750
-8.047420 3.145240 -0.923950
-8.047420 3.097370 -1.364370
-8.171890 2.944180 -1.948420
-8.171890 2.475020 -2.360130
-7.999550 1.737780 -2.771840
-7.855930 0.923950 -3.059070
-7.635710 0.320750 -3.384610
-7.549540 0.000000 -3.758010
-7.721880 -0.502660 -4.217590
-7.664440 -1.785660 -4.543130
-7.645290 -2.925030 -5.146330
-7.032510 -3.939930 -5.826120
-7.032510 -4.552700 -6.467620
-7.128260 -5.194200 -7.061240
-6.946340 -5.759100 -7.808050
-6.371870 -6.917620 -8.238910
-5.854840 -8.449550 -8.928280
-5.510160 -9.454880 -9.780410
-5.376120 -9.521900 -10.584680
-5.021860 -9.751690 -11.082550
-4.169720 -10.881490 -10.986810
-2.905880 -12.940020 -11.005960
-1.345230 -15.084720 -11.283620
-0.607980 -14.969830 -12.461290
-0.876070 -15.515580 -12.604910
0.876070 -18.043260 -12.011290
3.145240 -19.594340 -10.326160
5.299520 -19.383700 -10.096370
4.102700 -19.393270 -10.374040
4.217590 -19.594340 -10.690000
6.161230 -19.594340 -10.239990
7.405920 -19.594340 -8.708060
7.702730 -19.575190 -8.420830
8.124010 -19.527320 -6.726130
11.254900 -19.575190 -4.246320
12.442140 -19.058160 -2.197360
12.030440 -16.664520 -0.943090
10.412330 -14.184710 1.105860
9.474030 -13.610240 3.825040
9.569770 -12.633630 5.376120
8.995300 -10.239990 5.835700
5.634630 -5.797400 7.367620
5.577180 -5.682500 8.018690
5.883570 -6.553790 8.650620
5.280370 -5.663350 8.114440
4.102700 -4.322910 7.271880
3.576100 -3.959080 7.042090
3.154820 -3.126090 7.195280
2.522900 -1.823950 8.191040
2.944180 -0.885650 9.110190
3.116520 -0.301600 9.158070
1.881400 0.148410 8.755940
0.866500 0.339900 8.267630
0.866500 0.406920 8.382530
0.990970 0.607980 8.009120
0.837770 0.502660 7.741030
0.473940 0.426070 7.472940
-0.215430 0.809050 7.482520
-1.057990 1.689910 7.300600
