-6.965490 2.130340 5.012280
-6.965490 2.092040 4.696320
-7.051660 1.871830 4.514410
-6.946340 1.661190 4.447380
-6.639960 1.737780 4.284620
-6.381440 2.254810 4.045250
-6.496340 2.733540 3.758010
-6.534640 3.039920 3.461200
-6.343150 3.078220 3.145240
-6.055910 3.202690 2.369700
-6.189950 3.355880 1.507990
-6.199530 3.260140 0.943090
-5.806970 3.049500 0.540960
-5.682500 2.915450 0.071810
-5.730370 2.733540 -0.311170
-5.443140 2.178210 -0.799480
-4.466530 0.847350 -1.594160
-4.188870 0.454790 -2.139910
-4.112270 0.148410 -2.963330
-3.901630 -0.722880 -3.355880
-3.221840 -1.756930 -4.887810
-3.250560 -2.647370 -6.276120
-2.484600 -3.978230 -8.133590
-0.962240 -6.036760 -9.521900
0.636710 -8.009120 -11.877240
1.881400 -9.004870 -14.031520
2.408000 -9.608070 -15.984730
3.690990 -12.499590 -17.382610
5.969740 -16.300690 -18.799650
7.942100 -19.489020 -18.225180
9.885730 -19.594340 -18.828370
10.776170 -19.584760 -19.393270
12.250650 -19.594340 -19.421990
15.467700 -19.594340 -19.603910
18.742200 -19.594340 -19.508170
19.594340 -19.594340 -17.593250
19.584760 -19.594340 -17.037930
19.594340 -19.594340 -13.696410
19.594340 -19.594340 -11.455960
19.594340 -19.594340 -11.436810
19.594340 -19.594340 -8.124010
19.594340 -19.546470 -4.035680
19.594340 -16.645370 -2.522900
19.354970 -13.361300 2.120770
16.080470 -11.130430 4.638870
11.829370 -11.063400 3.126090
9.014450 -13.428320 1.642040
8.401680 -15.113440 0.483520
9.196370 -13.983640 0.636710
9.560200 -10.345310 2.168640
8.784660 -8.124010 4.514410
7.645290 -6.553790 5.787820
6.381440 -4.112270 5.969740
5.175050 -2.455870 5.471860
4.035680 -1.230330 4.351640
2.369700 0.081380 4.677170
1.689910 0.473940 5.184620
1.278200 1.077140 5.510160
-0.129260 2.628220 5.692080
-1.469690 3.719720 4.993130
0.023940 2.235660 4.897390
0.502660 2.111190 4.926110
-0.320750 3.499500 4.332490
-1.345230 5.395260 5.002710
-1.460120 6.055910 5.548460
-1.603740 7.932520 5.644200
