-5.814094463671 8.254105602264 7.269158448144
-5.668620026922 7.586638981352 7.052408267531
-5.521300125906 6.918211859425 6.836342954899
-5.372035611559 6.249370026962 6.621238064130
-5.220702012645 5.580735232517 6.407414171671
-5.067149111672 4.913034478180 6.195248830562
-4.911200744754 4.247135122808 5.985190715946
-4.752655118095 3.584087143372 5.777776332259
-4.591286045058 2.925173982301 5.573649618823
-4.426845655492 2.271973375711 5.373584691860
-4.259069317353 1.626429317618 5.178511756000
-4.087683739799 0.990935723946 4.989545849352
-3.912419486408 0.368431210729 4.808017476554
-3.733029388020 -0.237497581763 4.635503240752
-3.549314546553 -0.822509835705 4.473853210202
-3.361159655823 -1.381411942081 4.325209875840
-3.168579060811 -1.908083168324 4.192011185545
-2.971774089114 -2.395450297768 4.076967478009
-2.771200421920 -2.835544564285 3.982999711806
-2.567641355937 -3.219681381801 3.913125205793
-2.362278662696 -3.538805255427 3.870278753216
-2.156747759523 -3.784033356829 3.857063421633
-1.953159226413 -3.947405534088 3.875438337449
-1.754066445335 -4.022802407811 3.926370493341
-1.562362063182 -4.006930128679 4.009501132670
-1.381096399755 -3.900205272699 4.122897248270
-1.213228878311 -3.707332862646 4.262964515681
-1.061345141713 -3.437384601073 4.424579846101
-0.927389938074 -3.103269505167 4.601457641665
-0.812470399002 -2.720631236683 4.786704412851
-0.716771343558 -2.306358446142 4.973463180534
-0.639596920063 -1.876995980279 5.155524328972
-0.579521529349 -1.447354850420 5.327793725868
-0.534609509060 -1.029538936974 5.486554456389
-0.502654782991 -0.632476957255 5.629515047020
-0.481398322068 -0.261922791119 5.755683340528
-0.468696843171 0.079195376575 5.865129189807
-0.462633279268 0.390225057685 5.958700594182
-0.461572880598 0.672171846738 6.037744308663
-0.464176344508 0.927110005975 6.103862646947
-0.469383699974 1.157675371232 6.158720208329
-0.476381560690 1.366659968194 6.203901053851
-0.484563635023 1.556704040115 6.240809016122
-0.493491369453 1.730067971447 6.270600358060
-0.502859038540 1.888461263220 6.294137446440
-0.512465754316 2.032905477604 6.311953204174
-0.522195752347 2.163610784712 6.324217999520
-0.532007792254 2.279850196775 6.330702905603
-0.541934413108 2.379821422564 6.330735868445
-0.552091918398 2.460493919870 6.323150487149
-0.562702115246 2.517449156703 6.306231275428
-0.574126722172 2.544736675067 6.277664996975
-0.586914609863 2.534788577160 6.234515446915
-0.601860141279 2.478460801862 6.173248955324
-0.620067240468 2.365298507541 6.089848853049
-0.643007989551 2.184146906196 5.980065891078
-0.672556727737 1.924231127965 5.839851470345
-0.710972513407 1.576782526210 5.666001168899
-0.760798552813 1.137164445292 5.456986123940
-0.824653404577 0.607235269692 5.213865152188
-0.904912053537 -0.002580740219 4.941067250934
-1.003316024997 -0.672246176532 4.646759063592
-1.120598480682 -1.372780865599 4.342532448473
-1.256237258270 -2.068944884457 4.042309027141
-1.408430404810 -2.723542838610 3.760628727828
-1.574321185876 -3.302298941785 3.510742587635
-1.750412333921 -3.778001339144 3.303018968875
-1.933048656991 -4.132929111107 3.144039833585
-2.118842384514 -4.359259990892 3.036491415722
-2.304959832505 -4.457822749252 2.979694782600
-2.489249123363 -4.435913990788 2.970488113317
-2.670236100757 -4.304899063013 3.004178392496
-2.847036503632 -4.078097855680 3.075369692853
-3.019231032424 -3.769189888618 3.178580770454
-3.186737128441 -3.391167513118 3.308644707359
-3.349696577219 -2.955752009217 3.460926784166
-3.508386448395 -2.473148434419 3.631410783103
-3.663153654927 -1.952020879181 3.816700727801
-3.814369851098 -1.399594579307 4.013974784798
-3.962402234755 -0.821819336636 4.220916795576
-4.107595968395 -0.223552576241 4.435641449600
-4.250264635916 0.391261981642 4.656622190210
-4.390685981211 1.019432205385 4.882626343773
-4.529100929199 1.658376806805 5.112659136449
-4.665714497808 2.306006564558 5.345916663864
-4.800697664780 2.960625925540 5.581747066820
-4.934189577330 3.620852437393 5.819618826574
-5.066299713873 4.285551208138 6.059095018527
-5.197109752069 4.953781696325 6.299812423691
-5.326674987745 5.624754406425 6.541464516121
-5.455025201155 6.297795386001 6.783787478662
-5.582164892050 6.972316732721 7.026548526091
-5.708072810792 7.647791591154 7.269535923340
