9.788160196209 -1.866366431231 1.391042038352
9.958129256591 -1.924927633234 1.698949794233
10.132468566106 -1.985546010404 2.009609618159
10.311779949153 -2.048574568278 2.323327503589
10.496893584380 -2.114482248692 2.640524968618
10.688912711927 -2.183881444019 2.961751873145
10.889270221021 -2.257562565712 3.287699536723
11.099795319690 -2.336535482057 3.619209562329
11.322784218314 -2.422075657346 3.957269674137
11.561060034867 -2.515768594350 4.302980722728
11.817990632047 -2.619537903458 4.657467164666
12.097404003951 -2.735627265977 5.021685065992
12.403293821121 -2.866481421671 5.396056763198
12.739141825337 -3.014434466740 5.779835375665
13.106616267266 -3.181072319087 6.170096683696
13.503401803849 -3.366121932568 6.560323054209
13.920128530417 -3.565812060889 6.938776829129
14.337022153830 -3.770976081622 7.287344293982
14.722062204267 -3.965789694181 7.582152939730
15.033448914301 -4.128648331127 7.797407879925
15.228312793331 -4.236382504626 7.912548136079
15.275589171292 -4.270997907515 7.919938091703
15.166299725325 -4.225528005452 7.828367881729
14.914750861915 -4.105384433545 7.659728257073
14.550575661947 -3.924757287113 7.441124102416
14.107574224566 -3.700940410983 7.197329216872
13.615348102905 -3.449785694911 6.946774626042
13.095764050148 -3.183562140510 6.701091361013
12.563058045468 -2.910758664732 6.466589368001
12.025578870262 -2.636839551894 6.246165767682
11.487763869881 -2.365204780405 6.040868560070
10.951725692496 -2.097998772759 5.850923244673
10.418325966719 -1.836675434170 5.676302053432
9.887821134859 -1.582346848613 5.516982998875
9.360212232878 -1.335975604647 5.373026525666
8.835411991124 -1.098466166872 5.244557433540
8.313309107022 -0.870695836310 5.131704647674
7.793779962008 -0.653511611410 5.034527226908
7.276676991418 -0.447708774988 4.952940437148
6.761809596595 -0.254000301922 4.886647910424
6.248925813366 -0.072982317096 4.835082302956
5.737698937270 0.094901118390 4.797355619582
5.227721460681 0.249391413522 4.772220295541
4.718507989112 0.390444755618 4.758042504015
4.209508630745 0.518254970982 4.752789592195
3.700134300842 0.633267513579 4.754033845519
3.189795211947 0.736182207425 4.758974865555
2.677953379712 0.827942622901 4.764482711437
2.164189157765 0.909710465003 4.767163605883
1.648280546299 0.982824106858 4.763449434961
1.130292252521 1.048741416366 4.749711417484
0.610669228684 1.108968293084 4.722397064227
0.090326792275 1.164975841444 4.678187717470
-0.429273270328 1.218110809952 4.614171391943
-0.946073487417 1.269505711908 4.528022275951
-1.457412330025 1.319996687482 4.418174302025
-1.960069634606 1.370058303921 4.283972265899
-2.450374836973 1.419764633607 4.125781121098
-2.924379792295 1.468784595380 3.945033685023
-3.378087895763 1.516416370378 3.744200378313
-3.807719970305 1.561660805959 3.526672443655
-4.209987591566 1.603327786580 3.296561770654
-4.582339158445 1.640163821726 3.058433908595
-4.923145340306 1.670985066916 2.817002864785
-5.231799016527 1.694798871731 2.576823517428
-5.508718724748 1.710899179564 2.342017710938
-5.755260458841 1.718926125756 2.116063202689
-5.973556415110 1.718886619317 1.901662593501
-6.166307909042 1.711138883449 1.700695536629
-6.336561960874 1.696348506905 1.514245283246
-6.487497694492 1.675425846552 1.342682344680
-6.622241717632 1.649454693106 1.185784545695
-6.743723417029 1.619620568502 1.042873439534
-6.854573559385 1.587144667110 0.912950576439
-6.957063886619 1.553227003859 0.794821914036
-7.053081877764 1.519000271587 0.687203465026
-7.144133289786 1.485494453272 0.588805308651
-7.231364968176 1.453611387030 0.498394023604
-7.315601167401 1.424108122278 0.414835443174
-7.397387765765 1.397587866174 0.337120584524
-7.477039971084 1.374497440026 0.264377919696
-7.554690209620 1.355130322676 0.195875076011
-7.630333799337 1.339634476298 0.131012763388
-7.703870729064 1.328024198873 0.069313349896
-7.775142431541 1.320195231007 0.010406115868
-7.843962892826 1.315942288990 -0.045989155339
-7.910143817663 1.314978136361 -0.100078934225
-7.973513890754 1.316953275759 -0.152012045454
-8.033932444201 1.321475364379 -0.201894389632
-8.091298059254 1.328127538723 -0.249801817249
-8.145552789780 1.336484972695 -0.295790906325
-8.196682791011 1.346129171517 -0.339907580481
-8.244716170276 1.356659701188 -0.382193650487
-8.289718852682 1.367703246882 -0.422691468528
-8.331789184913 1.378920065176 -0.461446951778
-8.371051898668 1.390008031453 -0.498511264527
-8.407651936269 1.400704579225 -0.533941452058
-8.441748518135 1.410786882408 -0.567800302014
-8.473509715713 1.420070649511 -0.600155677234
-8.503107691338 1.428407887505 -0.631079524700
-8.530714682459 1.435683961260 -0.660646723556
-8.556499742843 1.441814230019 -0.688933895168
-8.580626206915 1.446740492289 -0.716018262359
-8.603249813064 1.450427420197 -0.741976614736
-8.624517404691 1.452859117446 -0.766884412755
-8.644566120943 1.454035893833 -0.790815044696
-8.663522989591 1.453971314856 -0.813839237382
-8.681504839953 1.452689557374 -0.836024612466
-8.698618462118 1.450223081262 -0.857435374568
-8.714960948512 1.446610611675 -0.878132114633
-8.730620163909 1.441895415996 -0.898171710886
-8.745675299722 1.436123852923 -0.917607310085
-8.760197477272 1.429344167469 -0.936488372945
-8.774250372530 1.421605504250 -0.954860769223
-8.787890841523 1.412957111586 -0.972766909837
-8.801169531146 1.403447710165 -0.990245905278
-8.814131464658 1.393125001942 -1.007333741385
