-4.94526,8.24848,-0.49309
-4.73462,7.76018,-0.40692
-4.47611,7.26230,-0.63671
-4.21759,7.13783,-0.80905
-3.93993,7.30060,-1.00054
-3.88248,7.53997,-1.00054
-3.90163,7.70273,-1.23033
-3.80589,7.93252,-1.49842
-3.52823,8.09529,-1.83353
-3.20269,8.33465,-2.19736
-3.09737,8.59317,-2.48460
-3.22184,8.87083,-2.84843
-3.18354,8.81338,-3.06865
-2.85801,8.52615,-3.12609
-2.46545,8.51657,-3.29844
-2.18779,8.47827,-3.50908
-1.97715,8.33465,-3.64312
-1.97715,8.58359,-4.18887
-2.16864,8.78466,-4.57185
-2.33141,8.68891,-4.44738
-2.20694,8.80381,-4.52398
-2.09204,9.64637,-5.04101
-2.15906,10.64212,-5.53888
-2.14949,10.88149,-5.69208
-2.43673,11.75277,-6.04633
-3.03035,13.93577,-6.87932
-3.56652,16.45388,-7.53997
-3.84419,17.23900,-7.06124
-3.81546,18.00496,-7.19528
-3.02077,18.64646,-8.80381
-2.20694,18.32092,-9.67509
-1.72821,17.61240,-8.94743
-0.28245,16.16664,-7.96125
2.01545,14.58684,-9.24424
4.01653,12.63363,-10.01020
6.47719,11.53256,-10.52723
11.12085,12.22193,-9.58892
16.91346,16.43473,-11.93469
19.59434,11.83894,-18.28262
19.57519,10.77617,-10.62297
19.59434,0.00000,-15.13259
19.59434,-1.16331,-18.91455
19.59434,-5.70165,-19.60391
19.59434,-18.49326,-19.06774
19.59434,-19.59434,-10.51765
19.59434,-16.37729,-2.52290
19.59434,-14.85493,-3.47078
19.59434,-17.44006,-5.32824
19.59434,-18.08156,-7.64529
19.59434,-19.59434,-10.58468
19.59434,-19.59434,-12.23150
19.59434,-19.59434,-11.47511
19.30710,-19.59434,-10.48893
17.16240,-19.59434,-9.04317
16.53048,-19.59434,-6.23783
17.60283,-19.59434,-5.14633
18.02411,-19.59434,-5.44314
18.27305,-19.59434,-6.59208
18.37837,-17.68900,-6.63996
19.16348,-15.15174,-6.68783
19.57519,-14.85493,-7.78890
19.55604,-14.35705,-8.40168
19.57519,-12.95917,-7.70273
19.06774,-9.91446,-6.96549
18.84752,-8.12401,-6.64953
18.12943,-9.34956,-7.32933
18.02411,-9.89531,-7.62614
17.29644,-8.31551,-7.10911
15.60175,-5.09845,-6.15165
13.35173,-3.61440,-3.70057
10.83361,-4.21759,-2.76226
9.74212,-4.50483,-3.13567
8.97615,-4.16015,-3.96866
8.42083,-3.88248,-4.16015
6.78358,-4.40909,-3.15482
5.14633,-3.50908,-2.35055
4.91654,-2.38885,-2.43673
4.72505,-2.75269,-2.27396
4.55270,-2.40800,-2.84843
3.96866,0.22500,-2.88673
2.46545,2.36013,-1.75693
1.44097,-1.78566,0.13883
0.21543,-2.25481,-1.25905
0.68458,0.82820,-1.13459
0.31117,4.89739,-1.17288
1.60374,7.01337,1.40267
1.37395,9.22509,2.35055
-1.91970,15.84111,4.52398
-2.81971,15.06557,1.33565
-5.51016,15.14217,-1.35480
-7.65486,18.41667,1.51757
-6.92719,16.79857,3.27929
-4.25589,15.71664,2.12077
-1.86225,15.06557,1.19203
-0.98139,14.54855,-0.01436
-1.84310,13.90705,0.85692
-3.30801,11.60915,1.49842
-4.71547,9.85701,0.53139
-4.40909,9.46445,-0.85692
-3.59525,9.46445,-0.13883
-3.09737,8.98573,1.97715
-3.29844,8.29636,2.34098
-3.40376,7.17613,1.37395
-3.65269,6.63038,0.05266
-4.10270,6.72613,-0.50266
-4.38994,7.13783,-0.82820
-4.20802,6.92719,0.04309
-3.71972,6.92719,0.56011
-3.08780,7.47294,0.54096
-3.24099,8.61232,-0.31117
-4.00695,9.81871,-0.84735
-4.06440,10.22084,-0.62713
-3.30801,9.61765,0.25373
-2.28353,9.05275,0.89522
-2.06332,9.13892,0.74203
-2.58992,9.31126,0.34947
-3.26014,9.81871,-0.02394
-3.27929,9.37828,0.48352
-2.49417,7.99955,0.86650
-2.26438,7.00379,0.72288
-2.73354,6.86975,0.88565
-3.20269,7.86550,1.30693
-3.75801,9.71339,1.22076
-4.11227,10.69000,1.14416
-3.88248,9.57935,1.06756
-3.57610,7.58784,0.78033
-3.60482,7.27188,0.70373
-3.55695,8.69849,1.04841
-3.90163,11.37936,0.77075
-4.52398,11.88682,0.79948
-4.22717,9.60807,1.09629
-3.79631,7.98040,0.93352
-4.12185,7.37720,1.36437
-4.74419,7.44422,1.93885
-4.65802,7.61656,2.18779
-4.57185,8.11444,1.72821
-4.46653,8.24848,1.45055
-4.72505,8.38253,1.29735
-4.91654,8.95700,1.32608
-4.58143,8.91870,1.59416
-4.28462,8.76551,1.62289
-4.08355,8.31551,1.97715
-3.73887,7.96125,2.03459
-3.44205,7.64529,2.22609
-3.42291,7.65486,2.26438
-3.55695,8.23891,1.80480
-3.79631,9.06232,1.18246
-3.59525,9.53148,1.20161
-3.40376,9.33998,1.13459
-3.53780,8.88040,0.84735
-3.57610,8.31551,0.79948
-3.43248,7.99955,0.98139
-3.48035,8.19104,0.83777
-3.37503,8.76551,0.87607
-3.07822,9.23466,0.93352
-3.11652,8.80381,1.05799
-3.37503,8.15274,0.81862
-3.75801,8.41125,0.32075
-3.77716,8.89955,0.26330
-3.71014,9.55062,-0.00479
-3.70057,9.37828,0.11011
-3.45163,8.40168,0.40692
-3.23141,8.10487,0.52181
-3.28886,8.26763,0.65586
-3.44205,8.70806,0.77075
-3.50908,8.88040,0.81862
-3.71972,9.24424,0.38777
-3.85376,9.09104,0.31117
-3.86334,8.73679,0.55054
-4.13142,9.05275,0.30160
-4.13142,9.04317,0.43564
-3.84419,8.72721,0.70373
-3.86334,8.76551,0.31117
-3.80589,8.62189,0.45479
-3.49950,8.51657,0.53139
-3.49950,8.64104,0.32075
-3.59525,8.74636,0.33990
-3.48035,8.71764,0.38777
-3.25056,8.44955,0.41649
-3.32716,8.62189,0.30160
-3.48035,9.12934,0.29202
-3.46120,9.06232,0.66543
-3.61440,9.03360,0.62713
-3.73887,8.55487,0.63671
-3.79631,8.66976,0.64628
-3.71014,8.84211,0.91437
-3.75801,8.96658,0.73245
-3.91121,8.68891,0.66543
-3.93036,8.35380,0.75160
-3.89206,8.41125,0.63671
-3.72929,8.30593,0.82820
-3.60482,8.30593,0.86650
-3.62397,8.47827,0.70373
-3.60482,8.78466,0.60798
-3.74844,9.49318,0.20585
-4.09312,9.65594,0.11968
-4.07398,8.92828,0.48352
-3.96866,8.50700,0.66543
-3.83461,8.32508,1.05799
-3.80589,8.47827,1.17288
-3.89206,8.64104,1.07714
-3.90163,8.53572,0.75160
-4.13142,8.79423,0.30160
-4.09312,8.43998,0.68458
-4.03568,8.44955,0.55054
-3.93993,8.48785,0.79948
-3.74844,8.47827,0.82820
-3.71014,8.54529,0.73245
-3.67184,8.60274,0.61756
-3.70057,8.88040,0.42607
