-2.45587,9.30169,1.63246
-2.36013,9.56020,1.46969
-2.33141,9.76126,1.18246
-2.38885,9.61765,1.05799
-2.52290,9.43573,0.97182
-2.41758,9.25381,1.20161
-2.12077,8.93785,1.51757
-1.88140,8.90913,1.42182
-1.92927,9.00487,1.29735
-2.17821,9.11019,1.11544
-2.31226,9.17722,1.04841
-2.20694,9.04317,1.11544
-2.07289,9.09104,0.92395
-1.99630,9.68467,0.69416
-2.12077,10.23999,0.77075
-2.29311,9.61765,0.88565
-2.24523,8.96658,0.71330
-1.98672,8.66976,0.56969
-1.78566,9.62722,0.62713
-1.84310,11.59958,0.75160
-2.04417,12.33682,0.95267
-2.25481,11.83894,0.92395
-2.27396,11.46554,0.88565
-2.39843,11.44639,0.33032
-2.61864,11.05383,-0.01436
-3.13567,10.81447,0.26330
-3.72929,11.15915,0.60798
-3.95908,10.80489,1.25905
-3.77716,10.50808,1.46969
-3.48993,11.01553,1.21118
-3.39418,11.99214,0.75160
-3.63355,12.16448,1.20161
-3.71972,11.14958,1.68034
-3.20269,10.60383,1.77608
-2.65694,11.78150,1.96757
-2.90588,13.23683,1.51757
-3.77716,11.99214,0.32075
-3.97823,9.47403,0.00000
-3.18354,8.88998,0.03351
-2.30268,9.86659,0.86650
-2.38885,10.86234,0.74203
-2.75269,9.50275,-0.65586
-2.31226,7.60699,-0.73245
-1.44097,6.30485,0.62713
-0.19628,6.39102,1.95800
0.74203,5.90272,1.72821
0.94309,4.58143,1.12501
1.23991,3.28886,1.65161
1.37395,3.53780,0.85692
1.59416,5.17505,0.85692
0.76118,4.78249,-0.71330
-0.19628,1.53672,-3.53780
2.03459,-1.06756,-4.64845
8.20061,-1.60374,-1.43140
10.31659,1.69948,-1.58459
10.12510,1.41225,-3.94951
12.26980,-1.67076,-3.88248
14.45280,-1.09629,-5.25165
16.81771,0.20585,-5.30909
18.40709,-2.62822,-6.03676
19.59434,-17.17197,-7.53997
18.53156,-19.59434,-6.44847
15.86026,-19.59434,-5.60590
15.77409,-19.39327,-4.57185
15.84111,-19.16348,-4.52398
14.28046,-19.59434,-5.64420
12.66236,-19.59434,-6.01761
12.18363,-18.56029,-5.55803
13.92620,-14.97940,-4.58143
14.96983,-12.65278,-4.68675
14.70174,-11.91554,-5.23250
14.86450,-11.73362,-5.84527
15.51558,-11.24532,-6.16123
15.94643,-10.02935,-6.11336
16.09962,-10.40276,-5.91229
16.36771,-11.67618,-6.28570
16.32941,-12.63363,-7.27188
16.51133,-12.90172,-7.59741
17.35389,-12.63363,-7.48252
18.24433,-12.70065,-7.54954
18.35922,-12.10703,-7.76018
18.37837,-11.55171,-7.80805
18.13901,-10.66127,-7.98997
17.67943,-9.66552,-8.16231
16.83686,-8.65062,-7.82720
15.30493,-7.46337,-7.20486
14.03152,-6.74528,-6.82187
12.17405,-6.18038,-6.21868
10.34531,-5.28037,-5.80697
8.81338,-5.31867,-4.95484
7.34847,-4.96441,-4.43781
5.94102,-4.28462,-3.48035
4.47611,-3.77716,-2.43673
3.56652,-3.36546,-1.76651
2.63779,-3.27929,-1.16331
1.78566,-3.20269,-0.83777
1.00054,-3.61440,-0.68458
0.24415,-4.00695,-0.40692
-0.12926,-2.96333,0.10053
-0.50266,-2.05374,0.76118
-1.64204,-2.35055,1.93885
-2.67609,-2.00587,2.50375
-3.50908,-0.84735,2.36970
-4.79207,-0.03351,0.66543
-5.28994,1.16331,-0.23458
-4.37079,1.72821,0.77075
-3.18354,2.02502,2.71439
-1.43140,1.69948,3.97823
-1.01012,1.12501,2.84843
-2.56120,1.48884,1.05799
-3.61440,3.02077,0.56011
-2.46545,5.01228,0.55054
-3.23141,10.03893,0.59841
-3.10694,15.19961,2.01545
-4.42823,17.67943,3.20269
-5.06973,15.05600,2.58992
-3.74844,11.22617,0.14841
-3.41333,11.01553,-1.50799
-3.78674,11.75277,-0.91437
-3.65269,11.95384,0.94309
-2.67609,11.86767,1.62289
-1.43140,11.09213,0.45479
-2.05374,10.52723,-0.69416
-3.35588,9.66552,-1.46969
-3.68142,9.35913,-1.83353
-2.42715,8.87083,-1.81438
-0.87607,8.26763,-1.11544
-0.53139,8.61232,-1.20161
-1.18246,8.67934,-1.46012
-1.30693,8.18146,-0.94309
-0.61756,8.32508,-1.55587
-0.27287,8.74636,-1.43140
-0.98139,10.14425,-0.64628
-1.77608,12.00171,-1.60374
-1.70906,11.50384,-2.02502
-1.55587,10.17297,-3.32716
-1.67076,8.50700,-3.38461
-2.19736,7.88465,-2.15906
-1.80480,9.47403,-0.41649
-0.09096,10.22084,0.99097
-2.10162,9.32083,-0.79948
-2.08247,9.38786,-0.76118
-2.10162,9.51233,-0.73245
-2.01545,9.43573,-0.58884
-1.94842,9.41658,-0.70373
-1.92927,9.47403,-0.63671
-1.92927,9.45488,-0.58884
-1.82395,9.47403,-0.73245
-1.84310,9.38786,-0.61756
-1.96757,9.39743,-0.63671
-2.10162,9.32083,-0.79948
-2.08247,9.38786,-0.76118
-2.10162,9.51233,-0.73245
-2.01545,9.43573,-0.58884
-1.94842,9.41658,-0.70373
-1.92927,9.47403,-0.63671
-1.92927,9.45488,-0.58884
-1.82395,9.47403,-0.73245
-1.84310,9.38786,-0.61756
-1.96757,9.39743,-0.63671
-2.02502,9.39743,-0.59841
-1.97715,9.43573,-0.65586
-2.02502,9.35913,-0.65586
-2.10162,9.41658,-0.76118
-2.13034,9.34956,-0.62713
-2.10162,9.34956,-0.60798
-2.11119,9.39743,-0.56969
-2.07289,9.28254,-0.55054
-2.06332,9.26339,-0.61756
-2.14949,9.37828,-0.69416
