-5.68250,5.96016,3.82504
-5.54846,6.07506,3.86334
-5.54846,6.15165,3.79631
-5.71123,6.28570,3.92078
-5.73037,6.48677,3.93993
-5.52931,6.42932,3.82504
-5.48144,6.31442,3.75801
-5.60590,6.26655,3.67184
-5.71123,6.27612,3.59525
-5.71123,6.24740,3.56652
-5.63463,6.28570,3.70057
-5.50059,6.29527,3.87291
-5.49101,6.24740,3.79631
-5.60590,6.20910,3.70057
-5.67293,6.17080,3.71014
-5.58676,6.19953,3.69099
-5.55803,6.19953,3.71014
-5.64420,6.18038,3.67184
-5.69208,6.17080,3.53780
-5.66335,6.20910,3.59525
-5.53888,6.34315,3.55695
-5.54846,6.53464,3.45163
-5.68250,6.58251,3.38461
-5.72080,6.52506,3.32716
-5.69208,6.55379,3.39418
-5.62505,6.54421,3.45163
-5.59633,6.45804,3.41333
-5.61548,6.36230,3.52823
-5.57718,6.24740,3.67184
-5.58676,6.26655,3.70057
-5.65378,6.33357,3.67184
-5.81655,6.38144,3.69099
-5.88357,6.21868,3.83461
-5.76867,6.07506,3.80589
-5.64420,6.06548,3.79631
-5.66335,6.16123,3.84419
-5.74952,6.22825,3.86334
-5.74952,6.21868,3.90163
-5.62505,6.14208,3.83461
-5.58676,6.17080,3.71972
-5.68250,6.24740,3.60482
-5.71123,6.30485,3.48993
-5.68250,6.44847,3.42291
-5.60590,6.49634,3.42291
-5.57718,6.52506,3.43248
-5.57718,6.58251,3.29844
-5.54846,6.63038,3.16439
-5.50059,6.85060,3.03035
-5.58676,7.18571,2.86758
-5.66335,7.72188,2.65694
-5.72080,8.16231,2.44630
-5.74952,8.34423,1.94842
-5.67293,8.14316,0.63671
-5.47186,7.65486,-0.43564
-4.70590,7.42507,-0.19628
-3.51865,7.63571,-0.13883
-2.86758,8.07614,0.05266
-2.81013,8.12401,0.10053
-3.28886,7.77933,-0.25373
-3.67184,7.53997,-0.30160
-3.40376,7.40592,0.19628
-2.78141,7.64529,0.07181
-2.51332,7.74103,-0.46437
-2.55162,7.01337,-0.80905
-2.60907,5.96974,-0.97182
-2.34098,4.69632,-0.80905
-1.50799,3.24099,0.12926
-0.40692,2.02502,0.52181
0.43564,0.77075,0.45479
0.97182,-0.11968,-0.59841
1.30693,-0.98139,-1.31650
1.59416,-2.65694,0.11968
2.25481,-5.16548,1.08671
3.49950,-7.79848,1.05799
4.65802,-9.46445,0.33990
5.20377,-10.91021,0.10053
5.31867,-12.45172,0.56969
5.35697,-13.18896,2.09204
5.73037,-13.68683,2.79098
5.73037,-15.29536,2.06332
5.30909,-17.10495,0.85692
5.01228,-17.48793,1.89098
5.83570,-17.05708,4.94526
6.50591,-16.75069,5.10803
6.33357,-17.49751,4.38036
5.75910,-18.17730,3.88248
5.69208,-17.43049,3.99738
5.89314,-16.24324,4.95484
5.97931,-16.78899,5.25165
5.51016,-17.92836,4.88781
4.99313,-17.44006,4.33249
4.83037,-16.48260,4.22717
4.88781,-16.18579,4.28462
4.84952,-16.34856,4.21759
4.74419,-16.77942,4.26547
4.95484,-17.32517,4.52398
5.42399,-17.58368,4.95484
5.69208,-17.79432,4.83994
5.37612,-18.13901,4.82079
5.12718,-18.44539,4.94526
5.36654,-19.16348,4.98356
5.83570,-19.59434,5.37612
6.24740,-19.59434,5.07930
6.57294,-19.59434,4.48568
6.77400,-19.59434,4.09312
6.79315,-19.06774,3.56652
6.56336,-17.91879,2.81013
6.21868,-16.31984,2.45587
5.64420,-14.33790,2.97290
5.16548,-13.16981,3.34631
4.57185,-12.71023,2.79098
4.07398,-12.28895,1.96757
3.73887,-11.14000,1.73778
3.83461,-9.82829,1.68034
4.00695,-8.49742,1.86225
4.22717,-7.31018,2.22609
4.53355,-6.40059,1.89098
4.52398,-5.54846,0.72288
4.11227,-4.61972,-0.08138
3.75801,-3.62397,-0.57926
3.61440,-2.34098,-0.93352
3.64312,-0.99097,-0.96224
3.66227,0.06223,-1.34523
2.94418,1.02927,-2.15906
1.77608,1.64204,-3.39418
0.78033,1.76651,-3.93993
0.12926,3.36546,-3.42291
-0.35905,6.87932,-2.10162
-1.14416,10.19212,-1.70906
-2.57077,10.41233,-3.03992
-3.73887,10.98681,-3.93036
-3.25056,12.32725,-4.99313
-3.15482,14.15599,-5.50059
-3.93036,15.67834,-4.65802
-4.38036,15.31451,-3.41333
-4.16972,14.44322,-2.48460
-3.36546,14.05067,-1.66119
-2.71439,13.47619,-1.24948
-2.98248,12.93044,-0.78033
-3.31759,11.85809,-0.58884
-3.42291,10.47936,-0.29202
-3.57610,9.31126,0.07181
-4.08355,8.49742,0.56011
-4.77292,7.86550,1.23033
-5.00271,7.24315,1.73778
-4.85909,6.72613,2.02502
-4.77292,6.34315,2.58034
-4.98356,6.30485,3.10694
-5.54846,6.45804,3.60482
-5.72080,6.66868,4.01653
-5.08888,6.56336,3.73887
-4.30377,6.05591,3.33673
-4.20802,5.60590,2.58992
-5.06016,5.36654,2.26438
-5.87399,5.15590,3.28886
-5.99846,4.76334,4.60058
-5.81655,4.83037,4.89739
-5.78782,5.59633,4.01653
-6.27612,6.55379,3.17397
-6.79315,6.93677,3.19312
-6.41017,6.96549,2.86758
-5.73037,6.61123,2.73354
-5.41441,6.07506,2.83886
-5.67293,6.23783,2.82928
-6.10378,6.73570,2.81013
-6.25697,7.08039,2.93460
-5.96016,7.24315,2.78141
-5.69208,7.12826,2.61864
-5.67293,6.79315,2.89630
-5.95059,6.54421,3.02077
-6.11336,6.44847,3.32716
-5.78782,6.59208,3.60482
-5.71123,6.92719,3.89206
-6.22825,7.00379,4.25589
-6.58251,6.79315,4.16972
-6.28570,6.13251,3.43248
-5.76867,5.33782,2.72396
-5.46229,4.82079,2.77184
-5.28994,4.84952,2.86758
-5.38569,5.24207,2.91545
-5.49101,5.59633,2.80056
-5.51016,5.81655,2.60907
-5.54846,6.11336,2.49417
-5.81655,6.50591,2.47502
-6.21868,7.04209,2.69524
-6.66868,7.33890,2.81013
-7.02294,7.29103,3.03992
-6.97507,7.27188,2.87716
-6.55379,7.08039,2.90588
-6.10378,6.71655,2.89630
-6.14208,6.38144,2.82928
-6.25697,6.07506,3.03992
-5.96974,5.82612,3.19312
-5.71123,5.51973,3.33673
-5.72080,5.20377,3.24099
-5.81655,5.26122,3.10694
-5.68250,5.49101,3.06865
-5.52931,5.76867,3.16439
-5.83570,5.92187,3.26014
-6.41974,6.18038,3.08780
