-7.51124,5.04101,1.38352
-8.01869,5.11760,1.06756
-8.21019,4.93569,1.44097
-7.74103,4.56228,1.72821
-7.37720,4.45696,1.71863
-7.62614,4.75377,1.63246
-7.90380,4.87824,1.68991
-8.00912,4.83037,1.95800
-7.70273,4.52398,1.94842
-7.51124,4.16972,1.70906
-7.89422,4.36121,1.96757
-8.12401,4.62930,2.19736
-7.84635,4.74419,2.23566
-7.45380,4.66760,2.24523
-7.38677,4.60058,2.05374
-7.58784,4.65802,2.20694
-7.20486,4.41866,2.41758
-6.98464,4.44738,2.39843
-7.63571,5.35697,2.22609
-8.43040,6.09421,2.17821
-8.68891,6.36230,2.31226
-7.74103,5.82612,2.53247
-6.87932,5.34739,2.38885
-7.18571,5.43356,2.27396
-7.65486,5.40484,2.05374
-7.58784,5.36654,1.97715
-7.24315,5.43356,2.05374
-7.34847,5.40484,2.07289
-7.64529,5.32824,2.01545
-7.60699,5.35697,2.10162
-7.21443,5.46229,2.24523
-7.07081,5.49101,2.34098
-7.30060,5.41441,2.14949
-7.44422,5.24207,1.97715
-7.31975,5.07930,1.94842
-7.27188,5.09845,1.89098
-7.36762,5.51016,1.59416
-7.46337,5.67293,1.53672
-7.44422,5.31867,1.47927
-7.30060,5.26122,1.60374
-7.28145,5.67293,1.61331
-7.27188,5.82612,1.63246
-7.23358,5.98889,1.82395
-6.75485,6.29527,2.16864
-6.30485,6.43889,1.93885
-6.41974,6.25697,1.50799
-6.67826,6.17080,1.51757
-6.38144,6.55379,2.10162
-5.62505,6.70698,2.42715
-5.28037,6.66868,2.17821
-5.39526,7.12826,1.93885
-5.49101,7.52082,1.71863
-5.16548,7.47294,1.91970
-5.38569,7.76976,1.95800
-5.32824,7.46337,2.05374
-4.98356,6.85060,1.78566
-4.76334,6.86017,1.50799
-4.71547,7.04209,1.28778
-4.83994,7.32933,1.20161
-4.88781,7.29103,1.15373
-4.93569,7.25273,0.99097
-5.06016,7.24315,0.76118
-5.05058,7.07081,0.71330
-5.00271,7.12826,0.90480
-4.95484,7.54954,1.19203
-4.99313,7.54954,1.17288
-5.06016,7.20486,1.01012
-5.18462,7.44422,1.08671
-5.25165,7.70273,1.19203
-5.25165,7.75061,1.22076
-5.19420,7.87508,1.22076
-5.14633,7.99955,1.32608
-5.15590,8.16231,1.29735
-5.25165,7.98997,1.19203
-5.41441,7.94210,1.31650
-5.39526,8.10487,1.27820
-5.19420,8.00912,1.15373
-5.08888,7.89422,1.08671
-5.16548,7.85593,0.79948
-5.32824,8.08572,0.75160
-5.31867,8.14316,0.94309
-5.20377,8.12401,0.99097
-5.09845,7.75061,0.93352
-5.25165,7.68358,0.71330
-5.32824,7.95167,0.64628
-5.31867,7.88465,0.76118
-5.24207,7.89422,0.74203
-5.21335,7.81763,0.58884
-5.25165,7.99955,0.76118
-5.13675,8.21019,0.69416
-5.19420,8.34423,0.48352
-5.33782,8.16231,1.01012
-5.39526,7.86550,0.78033
-5.23250,7.65486,0.20585
-5.17505,7.96125,0.75160
-5.19420,8.11444,1.52714
-5.06973,8.21019,1.54629
-4.77292,7.88465,1.35480
-5.00271,7.82720,1.14416
-5.33782,7.95167,0.80905
-5.42399,8.04742,0.91437
-5.10803,8.03784,1.01969
-4.80164,7.74103,0.94309
-5.04101,7.76976,0.99097
-5.40484,8.02827,0.78990
-5.35697,7.78890,0.80905
-5.09845,7.66444,1.00054
-5.02186,7.88465,0.76118
-5.17505,7.89422,0.74203
-5.49101,7.90380,0.89522
-5.30909,7.99955,0.97182
-5.02186,7.84635,1.20161
-5.05058,7.59741,0.98139
-5.36654,7.47294,0.99097
-5.48144,7.73146,1.21118
-5.12718,7.75061,1.25905
-4.80164,7.78890,1.20161
-4.93569,8.17189,1.15373
-5.17505,8.02827,1.09629
-5.22292,7.68358,1.24948
-5.09845,8.07614,1.20161
-4.97398,8.27721,1.16331
-4.95484,8.23891,1.12501
-5.10803,8.33465,0.94309
-5.07930,8.45913,1.01969
-4.79207,8.34423,1.03884
-4.66760,8.29636,1.06756
-4.76334,8.09529,1.00054
-4.91654,7.90380,1.09629
-4.83037,7.96125,1.12501
-4.66760,8.01869,1.14416
-4.59100,8.27721,1.43140
-4.67717,8.14316,1.32608
-4.81122,7.65486,1.19203
-4.89739,7.72188,1.09629
-4.93569,8.06657,1.09629
-4.94526,8.15274,1.32608
-4.91654,8.07614,1.48884
-4.91654,8.08572,1.43140
-4.93569,7.99955,1.36437
-5.02186,7.84635,1.36437
-5.08888,7.50167,1.45055
-5.17505,7.40592,1.50799
-5.19420,7.50167,1.42182
-5.19420,7.71231,1.27820
-5.23250,7.91337,1.39310
-5.09845,7.90380,1.56544
-5.06016,7.69316,1.48884
-5.16548,7.74103,1.43140
-5.28037,7.92295,1.32608
-5.14633,7.79848,1.34523
-4.86866,7.72188,1.42182
-4.81122,7.74103,1.21118
-4.97398,7.93252,1.32608
-5.06973,7.73146,1.28778
-4.92611,7.79848,1.21118
-4.70590,8.01869,1.22076
-4.76334,8.03784,1.23991
-5.06973,7.99955,1.16331
-5.25165,7.98997,1.08671
-5.01228,7.91337,1.21118
-4.64845,7.93252,1.31650
-4.67717,8.15274,1.43140
-4.90696,8.40168,1.49842
-5.08888,8.27721,1.46012
-4.97398,7.78890,1.32608
-4.90696,7.75061,1.11544
-4.90696,7.95167,1.16331
-4.99313,8.00912,1.30693
-4.94526,8.08572,1.23991
-4.82079,8.16231,1.26863
-4.66760,7.96125,0.95267
-4.80164,7.81763,0.84735
-5.23250,7.95167,1.15373
-5.31867,8.23891,1.24948
-5.03143,8.27721,1.13459
-4.79207,8.21019,1.01969
-4.97398,8.26763,1.03884
-5.14633,8.21976,1.12501
-5.07930,7.83678,1.17288
-4.89739,7.73146,1.01969
-4.83994,7.89422,1.03884
-5.06973,7.98040,1.29735
-5.07930,8.03784,1.52714
-4.85909,7.91337,1.33565
-4.64845,7.91337,1.13459
-4.69632,7.85593,1.13459
-5.02186,7.82720,1.37395
-5.13675,7.92295,1.33565
-4.92611,7.96125,1.28778
-4.61015,7.89422,1.37395
-4.75377,7.90380,1.28778
-5.07930,8.11444,1.44097
-5.13675,7.99955,1.29735
-4.79207,7.84635,1.12501
-4.62930,7.93252,1.36437
-4.84952,8.03784,1.58459
-5.03143,8.04742,1.50799
-4.91654,7.83678,1.25905
-4.83037,7.96125,1.08671
-4.82079,8.10487,1.18246
-4.97398,8.04742,1.25905
-5.17505,8.06657,1.14416
-5.18462,8.19104,1.08671
-4.93569,8.12401,1.02927
-4.75377,8.01869,1.01969
-4.93569,8.08572,0.98139
-4.98356,8.43998,0.91437
-4.74419,8.29636,0.82820
-4.51441,8.20061,0.73245
-4.55270,8.55487,0.73245
-4.73462,8.74636,0.73245
-4.93569,8.84211,0.55054
-4.80164,8.75594,0.50266
-4.43781,8.80381,0.39734
-3.88248,8.91870,0.26330
-3.33673,8.82296,0.08138
-2.94418,8.80381,0.06223
-2.97290,10.55595,-0.82820
-2.75269,14.57727,-4.47611
-0.88565,19.60391,-9.21551
4.00695,19.60391,-14.21344
12.53789,19.59434,-15.51558
19.59434,19.60391,-17.90922
19.59434,19.60391,-19.60391
19.58476,19.60391,-19.53689
19.59434,19.60391,-18.98156
19.59434,19.60391,-14.74004
19.59434,19.60391,-9.97190
19.59434,16.24324,-15.08472
19.59434,-15.61132,-19.60391
19.59434,-19.59434,-19.59434
19.59434,-19.44114,-16.74112
19.59434,-19.59434,-11.72405
19.59434,-19.59434,-1.76651
19.59434,-19.59434,6.52506
19.59434,-19.59434,8.13359
19.59434,-19.59434,5.57718
19.59434,-19.59434,1.90055
18.98156,-19.59434,3.28886
13.21768,-19.59434,3.24099
14.52939,-19.59434,4.17930
15.95600,-16.35814,6.22825
13.60066,-10.22084,6.95592
13.12194,-10.06765,5.64420
12.05916,-13.38045,5.00271
9.55062,-14.62514,3.61440
10.04850,-15.25706,3.34631
11.20702,-14.08896,3.10694
11.52298,-12.49001,3.41333
11.69533,-12.89215,3.40376
11.62830,-15.50600,2.41758
11.36022,-19.24965,2.50375
11.51341,-19.59434,5.05058
13.15066,-19.58476,7.06124
13.94535,-19.59434,10.46978
16.66452,-19.59434,11.16873
19.59434,-19.59434,9.77084
19.59434,-19.59434,8.89955
19.59434,-19.59434,7.60699
19.59434,-19.59434,5.29952
19.59434,-19.59434,3.41333
19.59434,-19.59434,1.88140
19.59434,-18.13901,0.11968
19.59434,-11.33149,-3.17397
19.59434,-5.63463,-7.55912
19.59434,-2.36970,-10.46021
19.59434,3.49950,-11.66660
19.59434,9.70382,-11.19745
19.52732,14.07939,-9.89531
16.13792,14.17514,-9.79956
11.62830,13.00704,-10.73787
9.34956,12.56661,-10.42191
7.29103,13.10279,-9.57935
5.08888,13.10279,-8.96658
2.37928,12.66236,-7.39635
-0.05266,12.16448,-5.43356
-0.77075,11.02511,-3.66227
-0.78033,10.49851,-3.03992
-1.67076,10.69000,-3.24099
-3.33673,12.11661,-2.82928
-4.50483,12.22193,-0.59841
-4.74419,11.59958,-0.17713
-4.79207,12.28895,-1.44097
-4.03568,13.13151,-0.68458
-2.89630,13.20811,0.79948
-3.55695,12.30810,0.30160
-5.15590,10.16340,-0.81862
-5.26122,7.34847,-1.32608
-4.69632,5.82612,-1.27820
-4.41866,5.88357,-1.13459
-4.88781,7.17613,-0.56011
-5.06016,8.08572,-0.21543
-5.30909,7.25273,-0.46437
-5.83570,5.95059,-0.78033
-6.08463,5.68250,-1.01969
-5.85484,5.75910,-0.65586
-5.61548,5.95059,-0.33032
-6.00804,6.52506,-0.41649
-6.75485,6.98464,-0.74203
-7.23358,6.86975,-0.76118
-7.31975,6.34315,-0.46437
-7.08039,6.17080,0.13883
-6.88890,6.65911,0.34947
-6.86975,7.04209,0.26330
-6.71655,6.82187,-0.07181
-6.54421,6.43889,-0.16755
-6.64953,6.47719,0.10053
-6.58251,6.86017,0.32075
-6.44847,6.91762,0.38777
-6.63996,6.79315,0.12926
-6.76443,6.92719,-0.25373
-6.81230,6.94634,-0.18670
-6.69740,7.07081,-0.01436
-6.43889,7.26230,0.11968
-6.37187,7.21443,0.26330
-6.69740,6.89847,-0.11011
-6.88890,6.43889,-0.33990
-6.61123,6.16123,-0.54096
-6.30485,6.13251,-0.46437
-6.16123,6.44847,-0.37820
-6.22825,6.67826,-0.20585
-6.50591,6.59208,-0.09096
-6.72613,6.39102,-0.04309
-6.73570,6.28570,-0.11968
-6.57294,6.34315,-0.08138
-6.48677,6.58251,0.29202
-6.67826,7.04209,0.70373
-6.79315,7.19528,0.86650
-6.77400,6.77400,0.55054
-6.86975,6.28570,0.19628
-7.07081,6.09421,0.04309
-7.28145,6.27612,0.20585
-7.23358,6.66868,0.43564
-7.03251,6.98464,0.62713
-7.03251,6.86017,0.53139
-7.27188,6.32400,0.43564
-7.32933,6.16123,0.28245
-7.09954,6.36230,0.32075
-6.77400,6.63996,0.66543
-6.68783,6.78358,0.68458
-6.89847,6.79315,0.64628
-7.01337,6.70698,0.54096
-6.87932,6.44847,0.33032
-6.62081,6.22825,0.22500
-6.31442,6.01761,0.35905
-6.21868,5.96016,0.47394
-6.54421,6.25697,0.24415
-7.08996,6.79315,0.24415
-7.04209,7.15698,0.33032
-6.54421,7.03251,0.47394
-6.28570,6.80273,0.04309
-6.63038,6.80273,-0.33032
-6.80273,7.13783,-0.08138
-6.45804,7.30060,0.18670
-6.30485,7.09954,0.33032
-6.46762,6.92719,0.17713
-6.48677,6.80273,0.03351
-6.52506,6.74528,0.12926
-6.59208,6.68783,0.24415
-6.56336,6.60166,0.28245
-6.53464,6.61123,0.26330
-6.58251,6.77400,0.16755
-6.65911,6.76443,0.43564
-6.61123,6.78358,0.34947
-6.62081,6.57294,0.32075
-6.53464,6.27612,0.20585
-6.38144,6.39102,0.02394
-6.58251,6.77400,0.14841
-6.70698,6.91762,0.36862
