-8.02827,3.76759,2.11119
-8.17189,3.67184,1.96757
-8.35380,3.46120,1.87183
-8.32508,3.44205,1.92927
-8.20061,3.71972,2.13034
-8.13359,3.77716,2.20694
-8.20061,3.55695,2.10162
-8.25806,3.31759,2.03459
-8.21976,3.26014,2.11119
-8.13359,3.36546,2.18779
-8.07614,3.48993,2.35055
-8.16231,3.52823,2.35055
-8.26763,3.41333,2.25481
-8.21976,3.34631,2.19736
-8.13359,3.42291,2.34098
-8.16231,3.60482,2.37928
-8.22934,3.58567,2.34098
-8.19104,3.48993,2.27396
-8.15274,3.44205,2.31226
-8.13359,3.44205,2.23566
-8.15274,3.43248,2.20694
-8.18146,3.43248,2.14949
-8.19104,3.56652,2.11119
-8.23891,3.51865,1.92927
-8.34423,3.36546,2.04417
-8.38253,3.34631,1.91970
-8.32508,3.36546,1.81438
-8.31551,3.41333,1.89098
-8.41125,3.45163,1.92927
-8.45913,3.26971,1.93885
-8.36338,3.22184,2.26438
-8.25806,3.60482,2.36013
-8.21976,3.71972,2.26438
-8.23891,3.33673,2.00587
-8.35380,3.13567,1.81438
-8.58359,3.33673,1.90055
-8.67934,3.54737,2.06332
-8.58359,3.43248,2.00587
-8.64104,3.02077,1.90055
-8.69849,2.87716,2.01545
-8.70806,3.16439,2.31226
-8.79423,3.50908,2.45587
-8.99530,3.47078,2.36970
-9.08147,3.16439,2.15906
-9.11977,3.03992,2.29311
-9.05275,3.27929,2.57077
-8.88040,3.60482,2.95375
-8.42083,3.48035,3.08780
-7.91337,3.09737,2.79098
-7.62614,2.66651,2.71439
-7.61656,2.69524,2.86758
-7.58784,3.24099,2.56120
-7.50167,3.48035,2.45587
-7.33890,3.13567,2.29311
-7.31975,2.99205,1.85268
-7.29103,3.24099,1.72821
-7.16656,3.89206,1.84310
-7.34847,4.63887,1.70906
-7.53039,4.76334,1.79523
-7.37720,4.46653,1.73778
-7.07081,4.20802,1.63246
-7.10911,4.42823,1.73778
-7.45380,5.07930,1.98672
-7.67401,5.29952,2.03459
-7.55912,5.00271,1.72821
-7.17613,4.65802,1.68991
-7.20486,4.77292,1.66119
-7.65486,5.13675,1.76651
-7.95167,5.27080,1.77608
-7.81763,4.82079,1.42182
-7.50167,4.33249,1.13459
-7.54954,4.51441,1.12501
-7.90380,4.94526,1.46969
-8.16231,5.11760,1.55587
-8.03784,4.89739,1.48884
-7.84635,4.76334,1.35480
-7.90380,4.85909,1.35480
-7.99955,4.92611,1.57502
-7.87508,4.84952,1.46012
-7.67401,4.68675,1.54629
-7.70273,4.79207,1.55587
-7.82720,5.03143,1.56544
-7.76976,5.25165,1.52714
-7.61656,5.30909,1.38352
-7.48252,4.99313,1.44097
-7.46337,4.95484,1.47927
-7.49209,5.23250,1.30693
-7.41550,5.29952,1.46012
-7.20486,5.17505,1.41225
-7.11869,5.01228,1.36437
-7.29103,4.97398,1.21118
-7.55912,5.06016,1.10586
-7.53039,5.13675,1.23033
-7.20486,5.37612,1.49842
-6.92719,5.46229,1.58459
-6.92719,5.32824,1.44097
-7.22401,5.15590,1.40267
-7.34847,5.28037,1.44097
-7.35805,5.52931,1.46969
-7.52082,5.59633,1.39310
-7.64529,5.43356,1.32608
-7.62614,5.34739,1.20161
-7.59741,5.30909,1.22076
-7.80805,5.36654,1.40267
-8.00912,5.51016,1.44097
-7.99955,5.18462,1.23991
-7.76018,4.65802,1.23033
-7.64529,4.63887,1.25905
-7.73146,5.03143,1.46969
-7.81763,5.26122,1.53672
-7.70273,4.99313,1.35480
-7.53997,4.69632,1.35480
-7.54954,4.84952,1.40267
-7.70273,5.19420,1.25905
-7.79848,4.93569,1.19203
-7.77933,4.51441,1.09629
-7.62614,4.73462,1.11544
-7.66444,5.32824,1.39310
-7.77933,5.61548,1.60374
-7.65486,5.17505,1.25905
-7.53997,4.83037,1.07714
-7.72188,5.28037,1.07714
-7.89422,5.82612,1.20161
-7.92295,6.19953,1.14416
-7.68358,6.41017,1.02927
-7.12826,6.50591,0.82820
-6.31442,6.98464,0.61756
-5.61548,13.38045,-1.91012
-2.62822,19.60391,-6.47719
4.12185,19.60391,-9.79956
12.58576,19.59434,-17.34432
19.59434,19.60391,-19.17306
12.12618,19.60391,-19.41242
19.38370,19.60391,-19.59434
19.59434,19.60391,-9.63679
19.56562,17.48793,-3.74844
19.59434,-11.47511,-19.60391
19.59434,-19.59434,-19.60391
16.69325,-19.44114,-7.45380
18.11028,-19.59434,6.85060
19.59434,-19.59434,13.82088
17.83262,-19.59434,18.86667
14.25173,-19.59434,13.44747
12.30810,-19.59434,6.04633
10.35489,-19.59434,4.75377
6.84102,-19.59434,6.10378
7.38677,-19.59434,8.78466
7.04209,-19.59434,10.20169
6.75485,-19.59434,9.69424
6.61123,-19.59434,8.54529
6.79315,-19.59434,10.81447
10.52723,-19.59434,14.65386
15.86026,-19.59434,16.56878
19.48902,-19.59434,13.20811
19.59434,-19.59434,8.27721
19.58476,-19.59434,7.44422
19.59434,-19.59434,6.29527
19.59434,-19.59434,2.62822
19.59434,-18.02411,-4.63887
19.59434,-1.23033,-14.83578
19.59434,18.39752,-19.60391
19.59434,19.60391,-16.40601
16.79857,19.53689,-9.83786
7.43465,19.60391,-7.85593
8.55487,18.79008,-12.50916
6.86975,19.60391,-13.91662
1.72821,19.60391,-9.70382
-3.55695,19.40285,-4.11227
-4.54313,15.31451,-0.52181
-2.35055,13.48577,-0.64628
-2.67609,11.26447,-0.11011
-5.81655,8.52615,0.94309
-7.18571,7.61656,1.84310
-6.67826,8.12401,2.66651
-7.29103,8.47827,4.30377
-8.43040,7.99955,4.16972
-8.58359,6.33357,2.48460
-7.92295,4.59100,0.86650
-7.19528,3.58567,-0.27287
-7.17613,3.91121,0.18670
-7.35805,5.28994,1.79523
-7.39635,5.88357,2.36970
-7.58784,5.35697,1.56544
-7.94210,4.73462,0.75160
-7.91337,4.69632,0.35905
-7.60699,4.96441,0.69416
-7.21443,5.15590,0.69416
-7.00379,4.93569,0.97182
-7.27188,4.96441,1.26863
-7.94210,5.51973,1.33565
-8.19104,5.20377,0.98139
-7.75061,4.09312,0.60798
-7.15698,3.59525,0.71330
-6.93677,4.17930,1.36437
-7.47294,5.28994,2.21651
-7.85593,5.37612,2.11119
-7.86550,4.58143,1.33565
-7.55912,3.95908,1.04841
-7.32933,4.50483,1.22076
-7.30060,5.36654,1.70906
-7.24315,5.31867,1.78566
-7.29103,4.44738,1.13459
-7.27188,3.80589,0.82820
-7.03251,4.25589,0.74203
-6.79315,4.98356,1.06756
-6.94634,5.34739,1.40267
-7.33890,5.00271,1.26863
-7.53039,4.46653,0.94309
-7.53997,4.48568,0.56969
-7.67401,4.64845,0.72288
-7.88465,4.60058,0.92395
-7.93252,4.39951,0.92395
-7.96125,4.08355,0.86650
-8.19104,4.25589,1.23991
-8.54529,4.89739,1.74736
-8.64104,5.04101,1.94842
-8.26763,4.45696,1.91970
-7.91337,3.99738,1.65161
-8.16231,4.03568,1.40267
-8.77508,4.13142,1.45055
-8.75594,4.00695,1.40267
-8.06657,3.52823,1.39310
-7.63571,3.32716,1.57502
-7.98997,3.47078,1.38352
-8.45913,3.55695,1.26863
-8.44955,3.30801,1.45055
-8.10487,3.15482,1.81438
-7.93252,3.39418,2.03459
-8.20061,3.73887,1.81438
-8.61232,3.74844,1.78566
-8.75594,3.61440,1.95800
-8.66976,3.45163,1.84310
-8.50700,3.11652,1.71863
-8.42083,2.92503,1.53672
-8.48785,3.02077,1.64204
-8.52615,3.23141,1.89098
-8.60274,3.24099,1.94842
-8.49742,3.00162,2.00587
-8.48785,3.03035,1.95800
-8.55487,3.42291,2.09204
-8.54529,3.75801,2.26438
-8.24848,3.53780,2.17821
-8.31551,3.05907,2.01545
-8.75594,2.94418,1.68034
-8.95700,3.04950,1.85268
-8.77508,3.15482,2.11119
-8.71764,3.21226,2.25481
-8.89955,3.19312,2.26438
-9.02402,3.06865,2.01545
-8.90913,2.72396,2.03459
-8.79423,2.54205,2.05374
-8.72721,2.45587,2.17821
-8.64104,2.53247,2.33141
-8.57402,2.60907,2.41758
-8.48785,2.69524,2.46545
-8.30593,2.81971,2.44630
-8.13359,2.85801,2.29311
-8.06657,2.78141,2.25481
-8.07614,2.83886,2.35055
-8.07614,3.14524,2.34098
-8.05699,3.36546,2.37928
-7.98997,3.39418,2.32183
-7.97082,3.10694,2.20694
-8.01869,3.03992,2.05374
-8.06657,3.26971,2.04417
-8.05699,3.56652,2.18779
-8.01869,3.71972,2.25481
-8.17189,3.66227,2.11119
-8.42083,3.42291,1.86225
-8.52615,3.22184,1.68991
-8.36338,3.30801,1.77608
-8.20061,3.53780,2.07289
-8.26763,3.74844,2.23566
-8.35380,3.74844,2.22609
-8.34423,3.50908,2.03459
-8.27721,3.22184,1.89098
-8.25806,3.15482,1.87183
-8.26763,3.19312,1.99630
-8.23891,3.28886,2.09204
-8.19104,3.29844,2.26438
