-4.87824,4.77292,5.11760
-5.13675,4.58143,5.14633
-5.29952,4.79207,5.18462
-5.10803,4.93569,5.19420
-4.84952,4.88781,5.06016
-5.05058,5.20377,5.18462
-5.47186,5.60590,5.30909
-5.62505,5.46229,5.46229
-5.47186,5.13675,5.64420
-5.26122,5.23250,5.59633
-5.05058,5.38569,5.37612
-5.11760,5.48144,5.37612
-5.27080,5.43356,5.44314
-5.20377,5.12718,5.36654
-4.99313,4.80164,5.40484
-4.93569,4.64845,5.23250
-5.13675,4.63887,5.06016
-5.37612,4.84952,5.19420
-5.39526,4.87824,5.62505
-5.21335,4.59100,5.74952
-5.14633,4.51441,5.60590
-5.38569,5.01228,5.63463
-5.49101,5.91229,5.79740
-5.43356,6.00804,5.83570
-5.46229,5.43356,5.66335
-5.44314,5.21335,5.51973
-5.43356,5.58676,5.57718
-5.38569,6.33357,5.73037
-5.35697,6.15165,5.68250
-5.34739,5.60590,5.71123
-5.21335,5.37612,5.65378
-5.10803,5.28037,5.41441
-5.06973,5.20377,5.29952
-5.10803,5.09845,5.36654
-5.11760,4.93569,5.46229
-5.04101,4.92611,5.44314
-5.01228,5.08888,5.46229
-5.06016,5.17505,5.52931
-5.15590,5.26122,5.56761
-5.18462,5.38569,5.52931
-5.03143,5.43356,5.58676
-4.83037,5.23250,5.45271
-4.94526,5.22292,5.32824
-5.04101,5.34739,5.26122
-4.93569,5.27080,5.39526
-4.81122,5.41441,5.51973
-4.78249,5.45271,5.43356
-4.91654,5.46229,5.38569
-4.96441,5.49101,5.51016
-4.86866,5.47186,5.62505
-4.76334,5.52931,5.49101
-4.75377,5.60590,5.37612
-4.83037,5.75910,5.47186
-5.00271,5.96016,5.60590
-4.97398,6.03676,5.65378
-4.84952,5.88357,5.52931
-4.85909,5.83570,5.51016
-4.91654,5.81655,5.50059
-4.80164,5.65378,5.47186
-4.67717,5.51973,5.42399
-4.68675,5.60590,5.23250
-4.71547,5.76867,5.17505
-4.64845,5.76867,5.23250
-4.52398,5.57718,5.28994
-4.48568,5.62505,5.29952
-4.61972,6.13251,5.21335
-4.72505,6.34315,5.19420
-4.41866,6.37187,4.97398
-4.07398,6.50591,4.73462
-4.04525,6.93677,4.76334
-4.12185,7.58784,4.61972
-4.19845,7.68358,4.41866
-4.11227,7.51124,4.15057
-3.75801,8.07614,3.69099
-3.26971,9.34956,3.24099
-2.50375,10.20169,3.29844
-1.52714,9.87616,3.13567
-1.14416,8.57402,2.66651
-2.51332,7.89422,1.84310
-4.50483,7.42507,1.49842
-5.33782,6.93677,2.03459
-5.04101,6.57294,2.85801
-4.33249,6.20910,3.88248
-4.22717,6.03676,4.79207
-5.52931,5.17505,5.32824
-7.87508,4.16015,6.11336
-9.18679,3.11652,7.31975
-8.54529,2.99205,7.30060
-7.57826,2.94418,7.00379
-7.73146,3.19312,6.66868
-8.15274,2.67609,6.46762
-8.56444,1.87183,5.61548
-7.93252,1.72821,4.96441
-6.68783,3.03035,4.32291
-5.87399,4.71547,4.40909
-5.41441,7.24315,4.49526
-4.74419,10.69957,4.31334
-2.54205,14.14641,2.50375
-0.65586,14.99855,-1.91012
-0.10053,15.62090,-4.72505
0.40692,14.77833,-4.84952
0.53139,13.36130,-7.88465
-1.49842,16.97091,-11.54213
-0.23458,19.60391,-5.36654
5.79740,19.50817,-6.46762
6.66868,14.74961,-8.68891
3.65269,6.51549,-2.40800
2.60907,-11.01553,1.39310
12.40384,-19.59434,18.28262
2.47502,-19.46987,6.46762
-9.43573,-19.59434,10.54638
-13.76343,-18.66561,9.78999
-18.08156,-8.04742,5.81655
-13.45705,1.04841,4.88781
-7.19528,4.81122,2.26438
-3.83461,11.83894,-5.50059
-5.83570,19.60391,-14.13684
6.43889,19.60391,-13.45705
9.56977,19.58476,-11.40809
9.11977,19.60391,-6.39102
12.41342,19.60391,-19.60391
19.59434,19.60391,-19.60391
19.59434,9.32083,-1.59416
19.57519,0.57926,-12.23150
19.59434,-16.45388,-19.60391
19.59434,-19.59434,-19.57519
19.59434,-19.46029,-19.15391
19.59434,-19.59434,-19.60391
17.92836,-19.59434,-18.11028
16.63580,-19.59434,-13.48577
12.65278,-19.59434,-12.08788
10.31659,-19.59434,-8.59317
13.09321,-19.59434,0.45479
15.70707,-19.59434,-1.71863
14.06024,-19.59434,0.93352
11.81022,-19.59434,2.61864
17.28687,-19.59434,-10.68042
19.59434,-19.59434,-9.59850
19.57519,-19.59434,-19.26880
19.59434,-19.59434,-19.60391
19.59434,-19.59434,-19.56562
19.59434,-19.59434,-19.60391
19.59434,-14.66344,-19.60391
19.59434,8.26763,-19.60391
19.59434,19.14433,-19.60391
19.59434,19.60391,-19.60391
18.99114,19.46987,-18.13901
12.59533,14.40493,-14.94110
12.48044,7.68358,-16.17622
17.47836,1.55587,-8.26763
13.26555,1.55587,-4.44738
4.65802,13.03576,-6.09421
2.99205,13.44747,-3.15482
0.91437,7.50167,-0.10053
-0.11011,10.15382,-0.97182
-1.35480,9.11977,-3.66227
-1.88140,9.36871,-0.10053
-2.13991,10.81447,2.12077
-2.72396,11.58043,2.33141
-6.54421,11.97299,2.01545
-11.94426,10.29744,3.23141
-6.29527,8.71764,-0.44522
-3.53780,9.13892,0.76118
-3.62397,9.21551,3.03035
-4.61972,8.62189,3.38461
-4.63887,8.37295,1.71863
-4.86866,7.60699,1.13459
-5.65378,7.38677,2.08247
-5.66335,7.31975,2.69524
-4.66760,7.04209,2.91545
-4.08355,6.98464,3.01120
-4.97398,7.48252,2.68566
-5.55803,7.12826,2.50375
-5.36654,6.86017,2.70481
-5.04101,7.14741,2.93460
-5.12718,7.65486,3.54737
-5.24207,8.02827,3.63355
-5.11760,7.85593,3.43248
-4.99313,6.73570,3.03035
-5.75910,6.90805,3.55695
-5.69208,7.03251,3.85376
-5.54846,6.85060,3.81546
-5.43356,6.61123,3.63355
-5.29952,6.52506,3.53780
-5.24207,6.72613,3.71014
-5.30909,6.73570,3.82504
-5.23250,6.56336,3.72929
-5.20377,6.39102,3.52823
-5.25165,6.40059,3.34631
-5.45271,6.46762,3.45163
-5.51016,6.26655,3.33673
-5.37612,6.40059,3.33673
-5.33782,6.44847,3.43248
-5.32824,6.46762,3.77716
-5.29952,6.74528,4.04525
-5.14633,6.59208,4.05483
-4.74419,6.18038,3.82504
-4.61972,5.96974,3.61440
-5.04101,6.32400,3.62397
-5.46229,6.59208,3.67184
-6.06548,6.89847,3.85376
-6.12293,6.82187,3.90163
-5.44314,6.28570,3.88248
-4.93569,6.16123,3.92078
-5.39526,6.84102,3.77716
-5.93144,7.04209,3.66227
-5.89314,6.68783,3.73887
-5.56761,6.40059,3.80589
-5.29952,6.55379,3.86334
-5.21335,6.62081,3.85376
-5.19420,6.55379,3.96866
-5.26122,6.57294,4.02610
-5.40484,6.63996,3.93993
-5.36654,6.60166,3.87291
-5.33782,6.53464,3.74844
-5.21335,6.50591,3.75801
-5.20377,6.51549,3.94951
-5.13675,6.66868,4.08355
-5.08888,6.70698,4.00695
