2.494170 -2.714390 -9.684670
2.427150 -2.848430 -9.646370
1.910120 -3.892060 -10.125100
2.044170 -3.729290 -9.770840
2.120770 -3.240990 -9.349560
2.034590 -3.202690 -9.416580
1.919700 -3.336730 -9.397430
1.632460 -3.030350 -9.368710
1.431400 -3.011200 -9.215510
1.306930 -3.327160 -9.416580
1.220760 -4.026100 -9.780410
1.038840 -5.021860 -10.278290
0.320750 -5.558030 -11.101700
-1.115440 -6.505910 -14.663440
-3.068650 -10.374040 -19.086880
-2.905880 -18.052830 -19.173060
-3.011200 -19.594340 -18.531560
-5.299520 -19.565620 -19.335820
-8.085720 -19.527320 -15.668770
-15.956000 -18.857100 -19.153910
-19.603910 -19.594340 -17.392190
-17.411340 -19.594340 -12.260220
-15.668770 -19.594340 -19.603910
-10.862340 -19.584760 -19.603910
-8.928280 -18.799650 -19.584760
-9.837860 -5.701650 -19.603910
-17.794320 7.243150 -13.246400
-18.186880 9.339980 -10.910210
-13.734710 19.134760 -19.421990
-2.867580 19.603910 -19.556040
19.594340 3.011200 -5.127180
19.594340 9.675090 -12.710230
19.546470 13.112360 18.541140
19.594340 -2.130340 8.143160
19.508170 -4.045250 1.680340
12.815550 -0.828200 0.000000
-7.559120 8.459130 2.915450
-16.951760 8.880400 6.726130
-2.704810 7.654860 -8.554870
1.575020 9.636790 -4.141000
10.421910 10.565530 13.773010
9.071900 10.603830 11.503840
1.029270 3.758010 8.478270
1.287780 1.910120 8.181460
1.527140 1.766510 8.056990
1.125010 3.212260 8.507000
0.742030 4.236740 8.813380
0.828200 4.169720 8.784660
1.259050 3.509080 8.746360
1.651610 2.896300 8.583590
1.900550 2.484600 8.191040
1.737780 2.446300 8.037840
1.144160 3.116520 8.267630
1.048410 3.729290 8.516570
1.220760 3.461200 8.669760
1.239910 3.126090 8.564440
