0.923950 -5.749520 -10.450630
0.856920 -5.366540 -9.091040
0.962240 -4.638870 -8.439980
0.809050 -4.658020 -8.880400
0.588840 -4.993130 -9.665520
0.196280 -6.592080 -10.067650
-0.684580 -7.530390 -9.742120
-0.952670 -6.419740 -9.608070
-1.220760 -5.309090 -9.789990
-1.316500 -5.060160 -9.971900
-1.958000 -6.113360 -10.345310
-2.551620 -7.903800 -10.364460
-3.690990 -8.468700 -10.603830
-5.203770 -9.713390 -11.321920
-7.032510 -10.996380 -11.025110
-9.263390 -11.848520 -11.178300
-10.182540 -13.399600 -10.795320
-11.053830 -13.696410 -10.421910
-12.116610 -10.986810 -9.512330
-14.146410 -8.708060 -8.861260
-17.880490 -13.026190 -8.612320
-19.536890 -17.832620 -10.345310
-16.051750 -16.626230 -10.029350
-13.179380 -11.427240 -5.567610
-16.540050 -4.102700 -2.666510
-19.450720 3.250560 -4.102700
-15.276210 12.116610 -4.792070
-15.841110 19.603910 -2.082470
-5.155900 19.364550 0.311170
19.220930 7.520820 -3.020770
19.594340 0.990970 -1.795230
19.517740 -8.305930 5.615480
19.594340 -18.761350 0.751600
15.659190 -19.594340 13.332580
6.611230 -10.364460 4.351640
12.049580 19.603910 3.576100
4.485680 12.748530 -8.564440
4.035680 14.950680 -6.209100
-0.368620 4.179300 -2.206940
3.566520 1.249480 4.150570
4.887810 5.194200 6.419740
2.867580 4.409090 4.437810
2.465450 1.153730 3.193120
3.662270 3.365460 5.960160
4.830370 6.371870 8.976150
4.945260 5.002710 8.574020
3.451630 2.331410 8.047420
4.792070 -0.426070 9.474030
3.480350 1.306930 8.392100
3.193120 1.412250 8.507000
3.528230 0.876070 8.813380
3.413330 1.345230 8.880400
3.336730 1.546290 8.727210
3.173970 1.498420 8.621890
3.336730 1.249480 8.650620
3.470780 1.661190 8.880400
