1.575020 -5.433560 -9.397430
1.364370 -5.969740 -10.086800
1.134590 -6.563360 -10.374040
0.560110 -7.176130 -10.479360
-0.043090 -7.827200 -11.044250
-0.981390 -8.219760 -11.341070
-1.910120 -7.425070 -11.532560
-2.542050 -7.013370 -12.365540
-3.872910 -8.621890 -13.964500
-6.237830 -13.074060 -14.529390
-7.530390 -14.337900 -14.864500
-7.396350 -12.959170 -14.251730
-6.936770 -11.838940 -12.968740
-7.147410 -12.164480 -12.470860
-8.191040 -13.390020 -11.293190
-8.775080 -13.045340 -10.488930
-8.392100 -12.260220 -9.742120
-8.909130 -12.078310 -9.550620
-12.614480 -11.867670 -9.684670
-15.084720 -12.490010 -9.474030
-12.844270 -13.332580 -9.014450
-10.335740 -12.719800 -6.295270
-9.703820 -8.392100 -3.039920
-9.818710 -4.208020 -0.272870
-10.632550 0.282450 -1.134590
-8.870830 5.356970 -2.934600
-7.836780 11.886820 -0.129260
-9.100620 19.603910 0.157980
-5.194200 16.310270 -0.023940
9.215510 11.436810 -6.065480
19.594340 10.364460 -4.399510
19.594340 1.412250 3.509080
19.584760 -1.938850 5.902720
19.594340 1.594160 5.309090
13.390020 -14.921950 5.069730
-1.326080 -19.594340 9.742120
9.100620 3.365460 8.698490
7.836780 19.536890 11.015530
-0.971820 0.617560 0.378200
-2.551620 7.913370 0.665430
-3.528230 11.513410 4.763340
1.852680 7.712310 8.976150
3.106940 2.867580 10.134670
0.368620 -2.331410 8.688910
0.282450 -1.852680 8.085720
1.029270 3.815460 8.985730
0.780330 7.022940 9.579350
0.387770 4.926110 9.253810
1.211180 1.536720 9.071900
1.048410 1.345230 10.182540
0.876070 1.536720 10.077230
0.761180 1.220760 9.799560
0.962240 0.856920 9.675090
0.885650 1.469690 9.483600
0.703730 2.005870 9.339980
0.655860 1.699480 9.196370
