0.636710 -7.664440 -8.899550
0.540960 -7.989970 -9.253810
0.339900 -8.641040 -9.579350
-0.081380 -9.569770 -9.617650
-0.579260 -9.809140 -9.474030
-0.990970 -9.052750 -9.263390
-1.354800 -8.669760 -9.244240
-1.871830 -9.569770 -9.014450
-2.714390 -11.034680 -9.215510
-3.738870 -12.221930 -9.742120
-5.060160 -13.045340 -10.211270
-5.739950 -13.265550 -9.502750
-5.625050 -12.394270 -8.507000
-6.285700 -12.020860 -8.095290
-7.109110 -11.944260 -7.721880
-7.434650 -10.450630 -7.061240
-6.391020 -8.746360 -5.155900
-5.060160 -9.024020 -2.992050
-5.596330 -10.307010 -1.699480
-7.166560 -9.253810 -1.278200
-8.478270 -6.812300 -0.598410
-7.932520 -5.002710 2.465450
-7.137830 -2.647370 4.868660
-8.516570 -0.837770 4.935690
-8.727210 0.282450 4.571850
-7.434650 2.101620 3.106940
-7.204860 4.073980 1.919700
-4.916540 6.438890 2.139910
-5.031430 15.371960 1.728210
-7.176130 17.325170 -0.330320
8.717640 8.995300 -1.000540
19.594340 0.426070 3.164390
19.536890 3.193120 9.397430
19.584760 0.339900 7.970820
19.527320 -4.792070 4.562280
14.538970 -16.118770 4.658020
7.645290 -17.353890 7.865500
5.500590 -3.489930 8.880400
6.075060 3.968660 6.151650
6.333570 8.219760 5.443140
3.173970 13.093210 4.993130
2.197360 10.105950 6.055910
2.599490 5.538880 7.329330
3.173970 2.925030 9.521900
4.131420 1.996300 10.699570
3.681420 1.527140 11.178300
3.317590 0.148410 10.431480
3.078220 1.967570 10.546380
3.279290 3.528230 10.967660
3.633550 3.719720 11.216600
3.671840 2.589920 11.034680
3.030350 1.239910 10.460210
2.877160 0.703730 9.991050
2.829280 1.000540 9.493180
2.522900 1.048410 9.196370
2.551620 1.163310 9.071900
