0.904800 -4.849520 -9.569770
0.895220 -4.447380 -9.292110
0.770750 -4.523980 -9.359130
0.684580 -5.261220 -10.192120
0.416490 -6.429320 -10.067650
-0.023940 -6.362300 -9.876160
0.167550 -6.094210 -10.172970
0.119680 -6.611230 -10.919790
-0.435640 -7.501670 -11.178300
-0.943090 -8.305930 -12.461290
-1.565440 -9.895310 -12.815550
-2.829280 -10.441060 -12.997470
-3.901630 -11.637880 -13.361300
-4.581430 -12.202780 -13.648540
-5.519730 -12.355970 -11.570860
-6.668680 -10.670850 -9.694240
-7.511240 -8.621890 -7.405920
-7.243150 -5.663350 -5.452710
-6.247400 -3.959080 -3.039920
-6.008040 -3.643120 -2.072890
-7.080390 -3.193120 -1.890980
-8.430400 -0.799480 -0.426070
-11.302770 1.575020 2.915450
-15.783660 2.503750 4.514410
-18.378370 3.537800 3.863340
-16.693250 3.796310 2.858010
-15.860260 8.325080 0.885650
-18.837950 19.603910 -0.215430
-8.621890 19.603910 0.933520
16.865590 19.125180 1.728210
19.594340 11.015530 0.914370
19.489020 -3.930360 10.795320
19.594340 -17.104950 0.359050
18.292200 -19.594340 3.020770
-0.588840 -15.611320 -2.838860
17.334740 19.603910 3.298440
8.315510 18.244330 -4.093120
4.562280 13.935770 -2.666510
6.975070 1.766510 0.876070
5.165480 -3.001620 4.313340
6.706980 0.301600 5.002710
7.463370 5.739950 3.997380
7.731460 5.797400 2.340980
6.324000 1.967570 1.996300
6.027190 2.206940 4.830370
7.252730 3.690990 7.539970
7.568690 3.719720 8.267630
7.587840 2.130340 7.942100
7.798480 1.134590 7.779330
7.559120 1.584590 7.578260
7.396350 2.867580 7.721880
7.511240 1.795230 7.511240
7.626140 0.512240 7.597410
7.329330 0.445220 7.989970
7.463370 1.843100 8.210190
7.109110 2.321830 7.894220
