2.484600 -3.710140 -9.234660
2.436730 -3.643120 -9.253810
2.417580 -3.384610 -9.225090
2.302680 -3.432480 -9.177220
2.245230 -3.576100 -9.196370
2.206940 -3.509080 -9.234660
2.130340 -3.729290 -9.483600
2.092040 -3.633550 -9.684670
1.996300 -3.202690 -9.818710
1.699480 -3.375030 -10.000630
1.316500 -3.384610 -10.488930
0.751600 -3.288860 -10.919790
-0.119680 -3.135670 -11.159150
-1.575020 -3.279290 -11.580430
-2.944180 -3.250560 -12.126180
-4.227170 -3.183540 -12.394270
-5.605900 -3.537800 -12.643210
-7.472940 -4.849520 -12.691080
-9.167640 -5.184620 -12.940020
-9.722970 -5.452710 -13.399600
-9.464450 -5.883570 -14.146410
-9.339980 -6.151650 -14.376200
-9.167640 -6.994220 -13.964500
-9.091040 -7.003790 -14.270880
-8.937850 -7.243150 -13.811300
-9.119770 -7.549540 -12.959170
-10.038930 -7.128260 -13.054910
-10.326160 -5.117600 -14.088960
-9.311260 1.010120 -16.721970
-7.089960 9.780410 -17.497510
1.000540 19.603910 -7.310180
19.374120 19.115610 17.009210
19.594340 9.272960 19.594340
19.517740 2.111190 19.517740
19.594340 -2.187790 19.594340
18.962420 -7.492090 16.415590
10.268720 2.992050 -9.263390
10.326160 -0.732450 -12.250650
8.258060 -14.826210 -2.101620
4.543130 -6.256970 -1.527140
1.316500 2.264380 2.762260
2.321830 4.543130 5.155900
4.255890 2.800560 2.034590
4.485680 2.302680 1.029270
4.926110 3.116520 2.618640
4.227170 0.742030 5.347390
4.179300 -0.426070 6.333570
2.130340 1.498420 9.062320
2.398430 1.795230 9.091040
2.235660 2.005870 9.100620
2.044170 1.871830 8.995300
2.187790 1.699480 8.966580
2.149490 1.804800 8.985730
2.159060 1.689910 9.004870
2.321830 1.603740 8.794230
2.245230 1.709060 9.004870
