1.268630 -5.471860 -8.621890
1.172880 -5.692080 -8.621890
1.134590 -5.912290 -8.602740
1.038840 -6.027190 -8.516570
1.086710 -5.893140 -8.363380
1.010120 -5.730370 -8.238910
0.847350 -5.749520 -8.143160
0.588840 -6.084630 -8.114440
0.253730 -6.122930 -8.219760
0.014360 -6.180380 -8.315510
-0.521810 -7.233580 -9.014450
-1.823950 -9.158070 -10.115520
-3.173970 -9.636790 -11.877240
-4.255890 -10.938940 -13.418750
-7.042090 -13.763430 -13.820880
-10.115520 -17.727300 -15.850690
-12.068730 -19.594340 -16.712400
-12.040010 -19.584760 -15.640040
-11.436810 -18.761350 -13.409170
-11.446390 -16.664520 -10.824040
-15.611320 -12.959170 -8.861260
-18.904970 -13.974070 -6.659110
-11.781500 -19.240080 -5.644200
-3.796310 -16.520900 -3.336730
-3.365460 -5.213350 -1.077140
-10.048500 10.125100 -3.681420
-18.847520 19.603910 -6.754850
-13.686830 14.529390 -4.073980
-0.866500 16.654950 -4.686750
16.990060 16.932610 -4.782490
19.594340 10.441060 -4.006950
19.527320 -4.744190 3.959080
19.594340 -1.057990 11.063400
19.498590 -3.901630 6.515490
8.411250 -19.594340 4.026100
8.133590 -7.760180 -0.023940
11.254900 19.603910 4.093120
2.848430 13.112360 0.636710
3.700570 12.470860 0.043090
-1.565440 3.250560 0.742030
2.369700 -2.628220 5.222920
5.567610 2.168640 9.435730
3.001620 0.990970 8.899550
3.308010 0.406920 8.669760
3.403760 0.263300 8.554870
3.269710 0.675010 8.765510
3.212260 1.096290 8.765510
3.154820 1.010120 8.698490
3.087800 0.847350 8.660190
3.078220 1.077140 8.746360
3.039920 1.440970 9.033600
2.848430 1.728210 8.947430
2.925030 1.345230 8.660190
2.905880 1.651610 8.583590
2.896300 1.823950 8.717640
2.905880 1.919700 8.870830
