-1.661190 -1.718630 -9.876160
-1.507990 -1.737780 -9.895310
-1.259050 -1.948420 -10.096370
-1.354800 -1.910120 -10.575100
-1.689910 -1.862250 -10.594250
-1.737780 -2.168640 -10.508080
-1.871830 -2.886730 -10.144250
-2.015450 -3.566520 -9.751690
-2.427150 -3.518650 -9.799560
-2.666510 -3.681420 -9.579350
-2.522900 -4.399510 -9.397430
-2.388850 -5.079300 -9.282540
-2.723960 -5.567610 -9.177220
-3.518650 -6.410170 -9.933610
-4.868660 -7.568690 -10.536800
-6.103780 -8.554870 -10.096370
-6.620810 -8.621890 -9.311260
-7.348470 -8.803810 -7.712310
-9.062320 -8.056990 -5.941020
-9.885730 -6.850600 -2.398430
-10.603830 -4.351640 -0.071810
-12.384690 -2.025020 0.493090
-13.390020 -0.636710 0.272870
-15.563450 6.774000 0.186700
-16.386860 10.728290 6.467620
-15.094300 9.837860 12.470860
-11.360220 4.198450 12.882570
-8.564440 1.249480 9.368710
-4.543130 2.886730 6.352720
0.186700 7.405920 5.251650
6.314420 9.751690 5.663350
15.592170 2.896300 12.595330
5.692080 -3.748440 3.135670
2.235660 -9.435730 1.364370
-0.818620 -5.797400 4.973980
-0.225000 2.072890 7.080390
4.303770 4.131420 8.631470
5.768670 3.011200 9.828290
3.451630 2.293110 8.507000
2.015450 0.598410 6.898470
1.460120 -0.885650 6.697400
1.239910 0.062230 7.578260
1.977150 2.446300 8.995300
2.819710 3.920780 10.058080
3.116520 2.886730 10.230420
2.350550 1.077140 8.583590
1.756930 0.876070 7.693160
2.503750 1.967570 8.746360
3.537800 2.092040 9.598500
3.260140 1.469690 9.014450
2.417580 1.507990 8.717640
2.072890 1.077140 9.119770
1.900550 0.780330 8.497420
2.015450 0.962240 8.851680
2.312260 1.354800 9.598500
2.542050 1.029270 9.675090
