-2.149490 -3.518650 -9.339980
-2.417580 -3.384610 -9.703820
-2.762260 -3.537800 -9.818710
-2.484600 -4.083550 -9.474030
-1.996300 -4.332490 -9.426150
-1.871830 -3.920780 -8.851680
-1.948420 -3.336730 -8.708060
-2.111190 -3.164390 -8.487850
-2.111190 -3.442050 -8.200610
-2.101620 -3.662270 -8.066570
-2.398430 -3.403760 -8.181460
-2.877160 -3.039920 -8.765510
-2.963330 -3.442050 -8.880400
-2.944180 -4.370790 -10.086800
-3.279290 -5.242070 -9.445300
-3.604820 -5.969740 -9.703820
-4.658020 -6.324000 -9.541050
-6.170800 -7.224010 -9.311260
-10.776170 -9.722970 -10.690000
-18.349650 -11.302770 -9.713390
-16.721970 -9.445300 -9.263390
-12.710230 -6.438890 -8.411250
-13.466620 -6.075060 -0.493090
-18.206030 -6.371870 -6.314420
-19.603910 -7.214430 -12.729380
-16.291120 -5.136750 -8.487850
-10.163400 -4.073980 -4.035680
-6.563360 -4.543130 -1.823950
-4.983560 -1.536720 -3.566520
-4.504830 4.533550 -4.236740
-1.364370 9.713390 -2.609070
6.544210 15.151740 3.825040
14.826210 17.018780 -2.666510
19.594340 16.252820 5.979310
19.565620 11.934690 10.900640
19.316680 -1.402670 19.383700
10.718720 -17.909220 9.809140
-1.354800 -19.211360 -19.278380
-3.135670 -1.383520 -4.638870
-1.383520 19.603910 -2.283530
15.113440 19.603910 5.912290
10.622970 9.837860 8.966580
1.565440 1.689910 6.946340
5.462290 -4.332490 3.087800
8.880400 -5.175050 3.183540
5.730370 4.121850 4.552700
3.030350 7.472940 7.271880
0.809050 8.669760 8.210190
0.196280 7.176130 8.775080
2.120770 3.518650 8.420830
3.173970 2.283530 7.262300
3.193120 2.340980 7.080390
2.752690 3.700570 8.248480
2.810130 5.203770 9.847440
2.465450 5.146330 9.703820
2.360130 4.294190 8.325080
