1.910120 -3.135670 -9.531480
1.900550 -3.499500 -9.732540
1.938850 -3.422910 -9.809140
1.938850 -3.135670 -9.761260
1.871830 -3.078220 -9.761260
1.814380 -3.269710 -9.962330
1.785660 -3.499500 -9.876160
1.948420 -3.403760 -9.866590
1.948420 -3.221840 -10.115520
1.766510 -3.844190 -10.134670
1.507990 -4.638870 -9.962330
0.943090 -4.964410 -10.747440
0.148410 -5.826120 -12.892150
-0.617560 -8.478270 -15.304930
-1.785660 -12.078310 -18.560290
-4.160150 -16.023030 -19.402850
-5.098450 -19.594340 -17.286870
-5.414410 -19.594340 -17.621980
-6.218680 -19.594340 -16.779420
-6.256970 -19.594340 -14.481520
-15.352810 -19.594340 -8.842110
-19.603910 -19.594340 -4.715470
-18.933690 -19.594340 -6.391020
-12.987890 -19.594340 -7.760180
-11.542130 -19.594340 -11.494260
-13.686830 -18.234750 -13.342150
-16.578350 -12.183630 -17.669850
-19.603910 -5.289940 -15.113440
-19.603910 1.498420 -12.078310
-16.798570 12.777250 -11.063400
-10.048500 19.603910 -17.545380
17.171970 19.603910 -15.237910
19.594340 15.936860 -16.281540
19.469870 3.528230 -5.596330
19.594340 -13.677260 2.542050
19.594340 -8.459130 -0.349470
19.326250 -1.632460 8.382530
10.019780 6.563360 11.130430
-8.277210 7.415500 11.762350
-4.600580 -0.244150 -0.014360
-1.354800 2.781410 -0.272870
2.264380 8.899550 7.951670
6.304850 11.369790 12.212350
5.270800 8.334650 10.881490
1.785660 2.972900 9.512330
-0.943090 2.551620 8.727210
-0.703730 4.303770 8.918700
1.613310 4.533550 9.818710
2.771840 3.451630 9.742120
1.469690 3.308010 8.554870
1.862250 2.369700 8.238910
1.373950 3.777160 8.449550
1.383520 3.815460 8.545290
1.680340 3.422910 8.325080
1.469690 4.121850 8.277210
1.077140 4.246320 8.286780
