1.986720 -4.428230 -9.177220
1.967570 -4.581430 -9.081470
1.919700 -4.514410 -9.397430
1.795230 -4.552700 -9.847440
1.575020 -4.887810 -10.077230
1.306930 -5.098450 -10.297440
0.990970 -5.127180 -10.804890
0.627130 -5.835700 -11.915540
0.426070 -7.951670 -12.624060
0.157980 -10.383610 -12.403840
-0.397340 -12.059160 -13.485770
-1.728210 -12.537890 -13.600660
-2.475020 -11.570860 -13.093210
-1.335650 -11.666600 -10.201690
-3.470780 -13.830450 -11.982560
-6.572940 -17.890070 -13.026190
-8.152740 -19.594340 -10.843190
-8.554870 -19.556040 -9.608070
-7.712310 -15.075150 -8.009120
-6.888900 -10.287870 -2.216510
-7.788900 -11.369790 1.239910
-9.847440 -12.710230 2.685660
-10.469780 -10.833610 2.503750
-9.062320 -7.578260 1.795230
-7.683580 -5.864420 2.044170
-6.515490 -3.853760 2.360130
-5.002710 -2.293110 4.399510
-2.494170 -1.306930 6.046330
2.149490 2.254810 6.209100
11.072980 2.235660 3.633550
14.778330 2.733540 -3.202690
19.594340 10.010200 -8.353800
19.594340 12.126180 -4.591000
19.584760 4.648450 0.732450
19.594340 -3.911210 3.078220
19.278380 -5.184620 1.948420
14.988970 2.647370 1.479270
10.450630 6.276120 4.255890
2.120770 4.849520 8.468700
-2.628220 -3.193120 3.719720
-0.531390 -4.054830 -2.053740
1.469690 4.428230 4.035680
4.141000 12.193200 8.334650
5.050580 12.375120 9.196370
2.886730 6.199530 7.415500
0.167550 3.930360 5.787820
-0.043090 4.399510 6.324000
1.689910 4.514410 8.344230
3.403760 3.892060 9.081470
3.422910 3.346310 9.091040
1.900550 3.959080 8.507000
1.335650 4.705900 8.018690
2.034590 4.686750 8.353800
2.092040 4.811220 8.372950
1.086710 4.715470 8.574020
1.479270 3.518650 8.191040
