2.187790 -4.131420 -9.119770
2.053740 -4.006950 -9.062320
1.890980 -4.016530 -9.292110
1.900550 -4.236740 -9.186790
1.910120 -4.342060 -9.339980
1.689910 -4.648450 -9.971900
1.440970 -5.299520 -9.837860
1.306930 -5.615480 -9.665520
1.134590 -5.787820 -10.699570
0.981390 -7.070810 -11.771920
0.636710 -9.541050 -13.141090
-0.617560 -12.174050 -16.310270
-1.249480 -18.349650 -16.185790
-2.178210 -19.594340 -10.680420
-4.198450 -19.536890 -14.433650
-4.313340 -19.508170 -13.370870
-5.270800 -19.594340 -9.454880
-8.238910 -19.594340 -6.553790
-11.369790 -19.594340 -6.745280
-15.668770 -18.206030 -4.600580
-14.615570 -13.323000 -0.100530
-13.552790 -12.221930 0.818620
-16.386860 -11.015530 -2.149490
-15.745360 -10.891060 -9.914460
-19.603910 -14.567690 -19.603910
-19.603910 -10.498510 -15.553870
-18.435820 0.014360 -8.583590
-12.327250 14.969830 -18.244330
-0.100530 19.603910 -16.607070
19.594340 14.653860 -14.165560
19.594340 12.901720 -14.826210
19.546470 6.505910 6.333570
19.594340 2.264380 15.084720
19.594340 1.919700 8.277210
18.483690 0.387770 9.330410
4.150570 -3.164390 5.998460
-4.322910 -10.900640 5.558030
-2.982480 1.728210 -2.580340
-1.804800 17.028360 1.105860
2.743110 18.407090 9.876160
4.696320 8.516570 10.172970
1.297350 3.547370 7.080390
1.211180 2.398430 7.559120
0.866500 4.696320 7.827200
1.182460 4.964410 8.018690
2.331410 2.905880 8.641040
1.747360 3.643120 7.358050
0.292020 6.276120 7.434650
-0.100530 7.022940 7.788900
0.282450 5.423990 8.133590
0.895220 3.671840 7.932520
1.345230 3.288860 7.358050
1.144160 4.772920 8.248480
0.512240 6.132510 9.043170
-0.100530 5.615480 9.138920
-0.157980 4.342060 8.880400
