2.685660 -3.920780 -9.119770
2.599490 -3.920780 -9.062320
2.503750 -3.853760 -9.177220
2.465450 -3.662270 -9.215510
2.216510 -3.729290 -9.349560
2.130340 -3.863340 -9.426150
1.890980 -3.681420 -9.483600
1.584590 -3.470780 -9.789990
1.182460 -3.413330 -10.038930
0.770750 -3.193120 -10.230420
0.071810 -3.087800 -10.508080
-0.789900 -3.039920 -10.709150
-1.843100 -2.800560 -10.891060
-3.173970 -2.953750 -10.862340
-4.744190 -3.001620 -11.034680
-6.754850 -2.695240 -11.609150
-8.497420 -2.771840 -12.949590
-9.177220 -3.585670 -14.893230
-8.554870 -4.552700 -15.237910
-8.334650 -5.002710 -14.845360
-8.641040 -5.845270 -15.027270
-8.516570 -6.467620 -15.410250
-7.271880 -6.955920 -15.266640
-5.883570 -6.266550 -15.008120
-4.935690 -6.467620 -14.376200
-4.638870 -7.539970 -14.874080
-5.060160 -9.263390 -14.184710
-3.173970 -10.230420 -14.002790
1.297350 -4.887810 -18.273050
7.185710 6.505910 -15.917710
10.431480 17.803900 -3.633550
10.038930 15.687920 12.978320
12.758100 0.062230 15.324080
18.713480 -4.983560 13.074060
18.703900 -0.445220 17.851770
2.302680 1.910120 9.445300
2.379280 1.469690 9.359130
2.618640 1.565440 9.407000
2.494170 1.881400 9.311260
2.580340 1.709060 9.244240
2.475020 1.575020 9.320830
2.503750 1.584590 9.387860
2.551620 1.469690 9.330410
2.398430 1.584590 9.263390
2.340980 1.527140 9.301690
2.321830 1.756930 8.995300
2.235660 1.699480 9.110190
2.360130 1.881400 9.052750
2.417580 1.938850 9.158070
2.254810 1.814380 9.062320
2.273960 1.603740 9.091040
2.360130 1.431400 8.947430
2.427150 1.613310 9.004870
2.532470 2.044170 9.186790
2.494170 2.005870 9.196370
2.331410 1.709060 8.909130
