1.115440 -3.173970 -9.646370
0.990970 -3.183540 -9.732540
0.847350 -2.925030 -9.665520
0.665430 -2.934600 -9.789990
0.435640 -3.250560 -9.952760
0.349470 -2.896300 -9.933610
0.292020 -2.915450 -9.914460
0.368620 -3.260140 -10.144250
0.454790 -3.585670 -10.268720
0.512240 -3.288860 -10.364460
0.454790 -3.269710 -10.249570
0.157980 -3.154820 -10.201690
-0.215430 -2.953750 -10.163400
-0.454790 -2.877160 -10.536800
-1.019690 -3.001620 -10.900640
-2.475020 -3.049500 -11.254900
-5.127180 -2.972900 -12.126180
-9.186790 -2.513320 -13.275130
-12.987890 -2.436730 -14.988970
-16.348560 -1.862250 -17.928360
-18.148580 -1.670760 -17.995390
-18.177300 -3.518650 -19.412420
-16.769840 -5.548460 -19.603910
-15.209190 -6.888900 -19.603910
-11.896390 -8.047420 -19.603910
-9.502750 -9.100620 -19.603910
-3.796310 -8.219760 -19.603910
-0.809050 1.287780 -19.603910
2.934600 9.895310 -14.491100
10.814470 16.942180 -2.408000
17.784750 17.717720 7.951670
19.594340 8.095290 12.633630
19.594340 1.555870 13.160230
19.594340 -1.316500 17.449640
18.799650 0.177130 19.345400
10.517650 0.923950 5.548460
5.376120 1.977150 -6.975070
4.026100 -7.396350 -9.138920
8.468700 -4.456960 -0.636710
6.563360 6.582510 1.584590
1.326080 8.727210 3.844190
-0.789900 8.258060 4.169720
2.302680 4.255890 4.504830
1.575020 2.599490 9.062320
1.776080 2.494170 9.177220
1.718630 2.609070 9.196370
1.460120 2.743110 9.167640
1.498420 2.618640 9.148490
1.555870 2.513320 9.014450
1.555870 2.618640 9.129340
1.546290 2.800560 9.320830
1.527140 2.838860 9.177220
1.661190 2.762260 9.071900
1.670760 2.714390 8.995300
1.527140 2.704810 8.947430
1.699480 2.905880 9.024020
