1.958000 -4.284620 -8.765510
1.919700 -4.093120 -9.033600
1.766510 -3.987800 -8.918700
1.642040 -4.342060 -9.129340
1.469690 -5.194200 -9.493180
1.220760 -5.577180 -9.895310
1.029270 -5.893140 -11.714480
0.856920 -7.674010 -13.552790
0.550540 -10.910210 -14.424080
-0.320750 -13.112360 -14.060240
-1.163310 -13.868750 -14.826210
-1.594160 -14.471950 -17.095380
-2.896300 -18.340070 -14.998550
-4.906960 -19.594340 -9.981480
-6.821870 -19.584760 -11.053830
-3.355880 -19.594340 -13.658110
-5.462290 -19.259230 -10.019780
-9.722970 -13.169810 -4.045250
-12.413420 -9.799560 7.137830
-18.407090 -7.635710 13.648540
-19.603910 -6.620810 6.812300
-19.575190 -10.575100 -0.493090
-19.603910 -13.466620 -15.161320
-19.603910 -12.882570 -19.603910
-19.603910 -3.576100 -11.838940
-18.828370 6.333570 -2.656940
-11.484690 11.455960 -11.264470
-5.873990 18.675180 -19.603910
14.232580 16.578350 -19.460290
19.594340 17.296440 -3.614400
0.129260 5.615480 8.765510
3.528230 4.188870 11.159150
1.306930 5.347390 5.634630
0.186700 4.169720 7.252730
0.646280 4.322910 9.033600
0.387770 6.774000 7.243150
1.096290 8.229340 7.003790
2.618640 7.396350 7.578260
3.499500 4.303770 8.334650
2.609070 1.958000 8.468700
0.512240 3.087800 7.846350
-0.655860 7.281450 8.755940
0.445220 8.258060 9.569770
1.326080 4.734620 9.196370
1.421820 2.609070 8.095290
1.172880 3.796310 8.009120
0.502660 5.270800 8.602740
0.655860 4.629300 8.832530
1.402670 3.949510 8.755940
1.871830 3.901630 8.420830
0.971820 3.892060 8.526150
0.359050 3.643120 8.219760
1.172880 3.614400 8.171890
1.632460 4.370790 8.401680
1.010120 4.389940 8.526150
0.512240 4.294190 8.104870
