2.398430 -3.844190 -9.024020
2.427150 -3.987800 -9.043170
2.398430 -4.016530 -9.186790
2.340980 -3.882480 -9.100620
2.273960 -3.901630 -9.071900
2.206940 -3.863340 -9.148490
2.130340 -3.758010 -9.397430
2.044170 -3.690990 -9.646370
1.814380 -3.556950 -9.646370
1.354800 -3.604820 -9.895310
0.703730 -3.901630 -10.469780
-0.215430 -3.767590 -10.757020
-1.594160 -3.346310 -11.302770
-3.212260 -2.877160 -11.982560
-4.772920 -2.666510 -12.241080
-6.352720 -2.599490 -12.710230
-7.750610 -2.666510 -13.418750
-9.119770 -2.858010 -14.060240
-10.086800 -3.078220 -15.142170
-10.086800 -4.045250 -15.496430
-10.718720 -4.705900 -14.682590
-12.346400 -4.610150 -14.988970
-12.930440 -4.820790 -16.204940
-11.254900 -5.347390 -16.856010
-9.100620 -5.376120 -17.621980
-7.913370 -6.065480 -18.981560
-7.750610 -8.353800 -19.383700
-2.264380 -8.478270 -17.497510
2.905880 -2.312260 -18.502840
8.861260 4.868660 -11.800650
16.013450 9.914460 -2.092040
16.262390 10.058080 5.462290
16.808140 6.170800 12.394270
1.938850 2.532470 8.995300
2.226090 2.551620 8.937850
2.312260 2.848430 8.842110
1.967570 2.733540 8.880400
2.216510 2.475020 8.966580
2.427150 2.408000 8.947430
2.273960 2.417580 8.966580
2.676090 1.881400 9.110190
2.637790 1.900550 9.081470
2.551620 1.890980 8.947430
2.503750 1.804800 8.813380
2.618640 1.670760 8.851680
2.637790 1.852680 8.947430
2.446300 2.111190 9.062320
2.369700 1.881400 9.043170
2.647370 1.785660 9.062320
2.637790 2.034590 8.976150
2.455870 2.025020 8.966580
2.522900 1.958000 8.976150
2.695240 1.986720 8.937850
2.455870 1.929270 9.071900
2.513320 1.958000 9.062320
2.771840 2.025020 9.110190
