1.967570 -3.719720 -9.263390
1.776080 -3.786740 -9.359130
1.737780 -4.265470 -9.205940
1.642040 -4.514410 -9.359130
1.460120 -4.361210 -9.474030
1.345230 -4.198450 -9.598500
1.134590 -4.399510 -9.828290
0.694160 -5.165480 -11.302770
0.148410 -6.381440 -13.476190
-0.110110 -7.855930 -15.601750
-0.119680 -9.636790 -14.376200
-0.617560 -11.934690 -17.124100
-1.057990 -14.414500 -18.531560
-1.565440 -17.660280 -15.391110
-2.120770 -19.594340 -11.216600
-3.987800 -19.594340 -8.124010
-5.050580 -19.594340 -6.649530
-7.760180 -19.489020 -4.294190
-11.743200 -14.950680 0.119680
-17.487930 -8.928280 5.481440
-16.262390 -18.158150 10.450630
-18.196450 -18.541140 4.217590
-16.884740 -5.615480 -6.266550
-10.776170 -0.550540 -6.611230
-18.330500 5.175050 -18.636880
-19.603910 19.029440 -17.612400
-12.432570 18.024110 -9.962330
-6.055910 18.426240 0.866500
8.947430 18.636880 -4.648450
19.565620 -7.779330 -6.553790
19.594340 -8.334650 -10.584680
19.565620 -3.336730 14.366630
19.594340 -11.819790 8.334650
19.594340 -0.406920 -0.856920
18.656030 5.356970 -0.253730
7.894220 2.609070 3.738870
-10.555950 2.388850 7.147410
1.201610 2.637790 8.641040
1.364370 2.800560 7.894220
0.885650 2.695240 7.769760
0.100530 2.235660 8.382530
0.282450 1.517570 8.468700
1.096290 1.029270 8.564440
1.431400 1.555870 8.688910
1.172880 2.254810 9.244240
0.799480 2.427150 9.627220
0.665430 2.139910 9.158070
1.077140 2.503750 9.215510
1.488840 2.589920 9.837860
1.507990 2.015450 10.172970
1.115440 0.876070 9.435730
1.029270 -0.665430 9.703820
1.393100 -0.311170 9.110190
1.220760 2.369700 8.851680
0.320750 4.361210 10.335740
-0.014360 3.815460 10.182540
