3.097370 -6.419740 -7.233580
3.030350 -6.544210 -7.472940
3.039920 -6.352720 -7.702730
3.116520 -6.391020 -7.875080
3.030350 -7.185710 -8.162310
3.068650 -8.420830 -8.813380
2.963330 -9.454880 -8.353800
2.637790 -10.469780 -8.602740
2.159060 -11.580430 -10.536800
1.833530 -14.883650 -12.729380
2.120770 -18.751780 -10.613400
1.393100 -19.594340 -9.617650
-1.651610 -19.584760 -9.416580
-2.570770 -19.594340 -8.669760
-5.548460 -19.594340 -7.568690
-5.500590 -19.594340 -4.887810
-2.992050 -19.594340 -1.402670
-4.973980 -16.760270 -0.636710
-10.891060 -11.695330 -2.015450
-11.666600 -16.530480 1.986720
-17.727300 -18.071980 -3.375030
-19.603910 -16.367710 -12.480440
-15.343230 -4.332490 -10.737870
-10.603830 0.177130 -7.358050
-12.624060 -2.637790 -3.020770
-9.608070 -2.666510 -1.651610
-6.534640 2.245230 -2.762260
-3.068650 6.055910 -5.663350
-3.394180 12.748530 -11.733620
11.599580 15.879410 -10.230420
19.594340 13.591090 -3.738870
19.498590 17.315590 -8.851680
19.594340 -2.838860 6.984640
19.594340 -11.015530 8.842110
19.594340 -11.388940 5.012280
16.492180 -9.330410 9.751690
2.647370 -12.049580 10.785740
-3.480350 -12.499590 9.981480
1.871830 0.837770 1.038840
2.513320 19.584760 3.327160
13.677260 18.225180 12.355970
4.820790 10.230420 13.437900
-6.065480 3.614400 5.634630
-1.603740 -4.476110 4.121850
3.240990 -2.915450 5.136750
6.391020 2.398430 10.910210
5.088880 7.539970 11.484690
1.460120 5.826120 8.918700
0.167550 0.818620 8.813380
0.598410 0.732450 7.128260
2.695240 3.710140 7.683580
4.121850 5.797400 9.876160
2.848430 5.423990 10.690000
0.292020 3.422910 9.359130
-0.052660 1.527140 8.277210
1.364370 1.689910 8.507000
