2.580340 -7.434650 -6.601660
2.695240 -7.568690 -6.639960
2.695240 -7.932520 -6.783580
2.561200 -8.430400 -6.678260
2.321830 -8.660190 -6.362300
1.996300 -8.688910 -6.735700
1.833530 -9.378280 -7.731460
1.948420 -11.398510 -8.133590
2.063320 -14.127260 -7.176130
1.776080 -16.760270 -6.458040
0.665430 -19.240080 -7.042090
0.129260 -19.594340 -8.382530
-0.119680 -19.594340 -2.934600
0.406920 -19.594340 0.809050
0.588840 -19.527320 5.203770
-2.886730 -19.450720 7.281450
-7.855930 -19.594340 8.449550
-9.694240 -19.527320 6.525060
-8.143160 -18.847520 7.980400
-9.339980 -13.897470 6.429320
-13.792150 -5.912290 4.389940
-16.109200 -1.354800 5.356970
-19.603910 -5.787820 0.540960
-19.603910 -16.903890 -16.463460
-19.594340 -9.215510 -14.443220
-18.952840 3.068650 -6.994220
-10.383610 8.009120 -3.949510
-8.995300 11.886820 -10.402760
-14.127260 19.603910 -19.603910
13.744280 9.789990 -6.726130
19.594340 -7.166560 -7.922950
19.450720 7.788900 5.318670
19.594340 -5.883570 16.674100
19.594340 -0.646280 2.858010
19.431570 2.494170 7.855930
5.261220 1.153730 4.839940
-10.230420 -1.785660 8.076140
-2.436730 -0.703730 -2.599490
0.971820 8.784660 0.000000
4.734620 15.850690 13.275130
8.056990 10.833610 11.207020
2.072890 5.270800 7.702730
-0.828200 4.370790 9.722970
-0.205850 6.802730 9.148490
1.067560 6.888900 8.372950
2.340980 2.819710 9.119770
2.025020 0.751600 9.148490
0.550540 2.848430 9.129340
0.186700 7.003790 8.104870
1.239910 7.606990 8.018690
1.843100 4.351640 10.192120
1.306930 1.776080 9.004870
1.172880 2.120770 9.311260
1.000540 2.618640 9.033600
0.856920 3.126090 8.966580
0.847350 3.623970 9.205940
