1.201610 -3.336730 -9.521900
1.211180 -3.288860 -9.464450
1.230330 -3.298440 -9.474030
1.230330 -3.365460 -9.483600
1.134590 -3.336730 -9.474030
1.096290 -3.365460 -9.474030
1.038840 -3.317590 -9.435730
0.933520 -3.298440 -9.387860
0.856920 -3.279290 -9.387860
0.655860 -3.308010 -9.474030
0.416490 -3.221840 -9.627220
0.205850 -3.260140 -9.732540
-0.090960 -3.308010 -10.058080
-0.435640 -3.413330 -10.144250
-1.115440 -3.528230 -10.172970
-2.417580 -3.509080 -10.670850
-4.466530 -3.623970 -11.321920
-6.486770 -3.815460 -11.925110
-8.631470 -4.456960 -12.920870
-11.159150 -5.146330 -14.021940
-13.504920 -5.778250 -15.496430
-15.084720 -7.645290 -15.898560
-15.821960 -10.029350 -15.649620
-15.764510 -10.383610 -15.056000
-15.984730 -9.885730 -15.324080
-14.385780 -8.621890 -18.071980
-10.824040 -7.042090 -19.575190
-8.727210 -3.279290 -19.603910
-5.385690 1.958000 -19.603910
2.714390 13.141090 -18.723050
17.459210 19.603910 -6.036760
19.594340 15.774090 16.224090
19.527320 -4.725050 19.220930
19.594340 -9.952760 17.143250
19.594340 -7.348470 19.594340
12.825120 -3.279290 14.223010
-0.665430 1.326080 1.488840
3.489930 -6.343150 -3.786740
6.716550 -7.865500 -1.871830
2.216510 3.250560 2.762260
3.384610 6.553790 3.681420
7.176130 4.093120 3.135670
7.855930 3.805890 6.525060
3.738870 4.265470 6.266550
2.800560 1.335650 5.692080
3.643120 0.397340 6.199530
2.733540 1.737780 7.338900
2.695240 2.877160 8.267630
3.221840 3.355880 9.014450
2.829280 3.269710 9.091040
3.059070 3.030350 8.813380
3.020770 2.733540 8.325080
2.637790 2.714390 7.951670
2.475020 2.436730 8.219760
2.714390 2.503750 8.420830
2.877160 2.905880 8.784660
