1.910120 -3.633550 -9.263390
1.967570 -3.777160 -9.100620
2.149490 -3.671840 -9.119770
2.082470 -3.700570 -9.081470
1.910120 -3.710140 -9.234660
1.747360 -3.614400 -9.253810
1.383520 -3.604820 -9.292110
1.105860 -3.681420 -9.387860
0.914370 -3.614400 -9.474030
0.675010 -3.413330 -9.474030
0.263300 -3.489930 -9.464450
-0.253730 -3.604820 -9.493180
-1.105860 -3.719720 -9.483600
-1.986720 -3.604820 -9.608070
-2.992050 -2.896300 -10.105950
-3.595250 -1.555870 -11.130430
-4.543130 -0.828200 -12.595330
-6.477190 -1.967570 -14.615570
-9.627220 -4.945260 -14.874080
-13.016610 -6.687830 -14.491100
-13.945350 -5.826120 -14.893230
-11.982560 -6.151650 -14.634720
-11.685750 -7.635710 -14.634720
-12.614480 -7.788900 -14.175140
-13.026190 -6.620810 -13.543220
-12.394270 -4.983560 -16.032600
-10.431480 -4.552700 -17.459210
-8.171890 -1.804800 -19.603910
-7.128260 2.580340 -19.603910
-2.762260 8.076140 -18.837950
13.026190 14.749610 -1.632460
18.732630 9.694240 11.120850
17.708150 -4.313340 9.981480
19.594340 -12.308100 14.787910
19.575190 -2.379280 19.594340
18.799650 1.661190 19.575190
6.122930 8.181460 10.431480
-3.805890 8.277210 -3.805890
9.598500 -17.420910 -7.961250
10.144250 -7.271880 -0.397340
-0.043090 10.737870 4.083550
0.627130 8.985730 6.295270
7.616560 -0.540960 3.758010
8.775080 -0.856920 4.686750
4.102700 1.077140 3.623970
1.211180 0.339900 4.313340
1.718630 0.799480 5.988890
2.589920 1.670760 7.367620
2.925030 2.388850 7.262300
3.336730 3.039920 7.942100
3.537800 2.848430 8.727210
2.321830 2.455870 8.679340
2.206940 1.507990 8.650620
2.953750 1.249480 8.487850
2.647370 1.498420 8.976150
2.580340 1.986720 9.024020
