5.127180 -7.434650 -5.873990
5.136750 -8.066570 -5.845270
5.404840 -9.320830 -5.701650
5.165480 -11.187870 -6.458040
4.131420 -12.288950 -7.042090
3.767590 -12.987890 -6.237830
3.202690 -13.696410 -5.912290
2.015450 -14.117690 -6.371870
0.943090 -15.017700 -6.946340
0.416490 -16.836860 -6.649530
-0.129260 -17.200700 -5.711230
-0.751600 -16.195370 -5.692080
-1.393100 -16.980480 -6.352720
-1.575020 -18.847520 -5.912290
-1.144160 -18.062410 -6.630380
-1.010120 -16.281540 -7.137830
-1.134590 -14.232580 -6.113360
-1.479270 -12.260220 -4.485680
-2.264380 -10.249570 -1.412250
-3.231410 -7.425070 0.225000
-4.045250 -5.979310 1.689910
-4.868660 -4.983560 2.149490
-4.993130 -4.600580 2.302680
-4.504830 -3.844190 2.130340
-3.499500 -2.666510 2.216510
-2.427150 -1.575020 2.561200
-1.192030 -1.105860 2.934600
0.263300 -1.756930 3.633550
2.350550 -2.896300 4.916540
5.261220 -3.384610 5.548460
7.185710 -2.819710 5.194200
7.022940 -2.331410 4.696320
6.228250 -3.164390 4.351640
6.065480 -4.495260 4.322910
5.328240 -1.996300 5.491010
4.141000 1.507990 6.362300
3.298440 4.208020 7.788900
1.345230 5.002710 8.842110
-2.905880 4.562280 10.096370
-1.632460 1.029270 9.828290
1.278200 0.636710 8.171890
1.278200 3.786740 7.281450
-0.311170 5.079300 8.411250
-0.876070 2.408000 9.091040
-0.368620 -0.655860 8.430400
-0.349470 -0.962240 7.750610
-0.387770 1.460120 8.401680
-0.177130 4.093120 10.019780
-0.292020 4.801640 11.130430
-0.205850 3.288860 11.111280
-0.196280 1.019690 9.627220
-0.253730 -0.244150 8.583590
-0.148410 -0.129260 8.937850
-0.119680 0.990970 9.866590
-0.282450 1.986720 10.326160
-0.588840 2.235660 10.268720
