1.431400 -2.944180 -9.646370
1.479270 -2.867580 -9.636790
1.469690 -2.972900 -9.646370
1.469690 -2.963330 -9.598500
1.469690 -2.896300 -9.617650
1.440970 -2.963330 -9.608070
1.421820 -3.078220 -9.713390
1.354800 -2.982480 -9.684670
1.316500 -2.992050 -9.646370
1.230330 -3.087800 -9.751690
1.038840 -3.212260 -9.847440
0.761180 -3.240990 -10.019780
0.186700 -3.451630 -10.383610
-0.952670 -3.748440 -10.824040
-2.790980 -3.863340 -11.379360
-5.519730 -4.265470 -12.365540
-9.282540 -4.782490 -13.323000
-12.470860 -6.285700 -14.041090
-14.041090 -7.453800 -15.448550
-15.170890 -7.645290 -16.903890
-15.908130 -8.545290 -17.621980
-16.444310 -9.502750 -18.033680
-16.157070 -9.091040 -18.139010
-14.960250 -7.080390 -19.575190
-13.705980 -5.883570 -19.603910
-11.934690 -6.448470 -19.603910
-4.083550 -4.811220 -19.603910
0.799480 5.184620 -19.603910
5.969740 14.797480 -15.151740
9.205940 18.186880 4.198450
16.750690 7.989970 12.308100
15.438980 -6.544210 10.105950
18.569860 -8.372950 7.913370
19.594340 -9.177220 16.204940
18.790080 -3.039920 16.023030
12.537890 5.366540 4.495260
10.297440 8.066570 3.470780
2.628220 -1.297350 0.000000
0.895220 -9.541050 -0.866500
4.447380 -3.652690 1.335650
2.781410 4.935690 1.622890
1.766510 5.873990 5.050580
2.848430 3.537800 4.859090
5.021860 1.192030 5.376120
3.882480 1.201610 7.606990
1.211180 1.823950 8.066570
0.493090 1.230330 8.650620
1.153730 0.837770 9.024020
1.651610 1.402670 8.937850
2.034590 2.637790 8.880400
2.226090 3.106940 9.158070
2.034590 2.465450 9.684670
1.823950 1.881400 9.780410
1.412250 0.847350 8.688910
1.239910 0.780330 8.660190
1.345230 0.732450 8.392100
