3.279290 -3.786740 -8.918700
3.097370 -4.504830 -8.995300
2.905880 -4.887810 -8.851680
2.819710 -4.658020 -8.736790
2.695240 -4.179300 -8.248480
2.695240 -4.265470 -8.583590
2.714390 -4.839940 -9.282540
2.398430 -5.672930 -10.421910
1.948420 -6.936770 -12.317670
1.852680 -10.383610 -16.137920
1.469690 -16.406010 -19.364550
0.981390 -19.594340 -19.307100
0.598410 -19.594340 -11.293190
-1.670760 -19.594340 -12.509160
-2.666510 -19.594340 -11.197450
-5.883570 -19.594340 -8.535720
-13.380450 -19.594340 -7.252730
-16.511330 -19.594340 -0.770750
-19.603910 -19.594340 4.006950
-19.603910 -16.195370 6.180380
-17.669850 -4.945260 2.819710
-18.129430 -3.202690 -6.946340
-19.603910 -10.498510 -19.603910
-19.584760 -8.411250 -19.603910
-18.952840 16.243240 -14.299610
-8.296360 18.703900 -17.621980
-2.302680 14.653860 -15.898560
19.594340 -17.258140 6.936770
19.527320 -1.192030 12.221930
19.565620 -7.731460 8.325080
19.594340 -10.393190 -3.106940
19.268800 -5.270800 -3.221840
8.305930 -0.646280 -0.732450
-0.598410 1.239910 2.101620
0.052660 7.530390 4.437810
5.012280 17.420910 9.713390
3.834610 14.481520 6.984640
2.168640 1.967570 7.999550
3.959080 -2.963330 5.931440
5.328240 0.981390 5.941020
3.451630 6.735700 6.984640
0.761180 6.410170 7.156980
-0.157980 3.518650 7.980400
0.483520 6.008040 8.583590
1.469690 10.278290 8.124010
2.896300 8.056990 7.808050
2.609070 3.039920 8.985730
1.967570 2.120770 7.760180
1.460120 4.370790 7.855930
0.981390 6.027190 8.305930
0.502660 6.343150 9.378280
0.186700 7.425070 9.234660
0.272870 6.639960 8.468700
0.933520 3.308010 8.171890
1.737780 1.412250 7.482520
0.531390 3.451630 8.535720
