2.159060 -4.629300 -8.985730
2.111190 -4.677170 -9.263390
1.986720 -4.859090 -9.282540
1.795230 -5.366540 -9.339980
1.795230 -5.596330 -9.435730
1.910120 -5.893140 -9.560200
1.737780 -5.864420 -9.933610
1.498420 -5.931440 -10.766590
1.249480 -6.496340 -12.078310
0.904800 -7.875080 -12.738950
0.435640 -9.694240 -13.437900
-0.569690 -11.446390 -13.399600
-1.833530 -12.825120 -13.887900
-3.518650 -14.299610 -14.203860
-5.031430 -14.290030 -16.501750
-6.209100 -17.181550 -17.373040
-9.301690 -19.575190 -15.506000
-14.586840 -19.594340 -15.036850
-19.603910 -19.594340 -15.984730
-17.545380 -19.584760 -9.521900
-16.961330 -19.594340 -2.618640
-17.124100 -19.594340 -6.888900
-16.894310 -19.594340 -12.020860
-17.612400 -18.253900 -18.809220
-19.268800 -8.861260 -19.067740
-19.603910 1.172880 -10.776170
-18.426240 8.277210 -0.933520
-10.287870 13.907050 -8.851680
-4.677170 16.540050 -19.603910
18.589010 17.957090 -10.412330
19.594340 15.965580 -13.801730
19.508170 -2.360130 8.516570
19.594340 -18.100710 7.568690
19.594340 -11.149580 1.345230
16.367710 -1.986720 2.254810
1.134590 2.149490 1.163310
-17.296440 6.008040 4.466530
-8.372950 9.167640 -8.124010
1.833530 13.361300 -1.211180
9.962330 12.796400 13.361300
8.363380 11.599580 10.249570
2.216510 8.372950 9.751690
-2.005870 4.878240 9.512330
-2.340980 3.681420 8.439980
1.584590 3.748440 10.115520
2.925030 4.993130 10.555950
1.220760 4.849520 9.043170
0.090960 4.093120 9.071900
0.904800 5.069730 9.426150
1.756930 6.075060 9.675090
1.297350 5.883570 9.454880
0.646280 4.198450 8.899550
0.732450 2.867580 8.650620
1.153730 3.633550 8.899550
0.933520 4.887810 9.129340
0.560110 5.021860 8.995300
