2.475020 -2.647370 -9.665520
2.542050 -2.656940 -9.531480
2.494170 -2.762260 -9.608070
2.388850 -2.905880 -9.636790
2.369700 -2.858010 -9.713390
2.388850 -2.944180 -9.675090
2.331410 -2.992050 -9.617650
2.168640 -3.001620 -9.914460
1.910120 -3.001620 -10.172970
1.584590 -3.097370 -11.436810
1.192030 -3.987800 -12.930440
0.435640 -5.692080 -12.164480
-0.406920 -7.913370 -12.174050
-0.722880 -12.355970 -11.197450
-1.297350 -15.802810 -11.427240
-7.855930 -16.291120 -15.371960
-13.686830 -19.469870 -16.080470
-9.655940 -19.594340 -16.319840
-9.713390 -14.136840 -16.453880
-8.755940 -6.429320 -12.126180
-8.305930 -4.504830 -7.635710
-8.066570 -6.391020 -1.479270
-9.636790 -2.972900 -0.339900
-17.650700 0.828200 -0.426070
-19.431570 -1.393100 -0.531390
-10.268720 -5.625050 -1.555870
-2.216510 -1.804800 -0.157980
3.509080 5.682500 0.703730
7.338900 13.753860 -10.527230
19.594340 1.546290 7.913370
19.594340 10.938940 -0.186700
18.895400 -14.136840 10.862340
14.012370 -18.186880 4.744190
8.918700 -8.755940 3.231410
6.639960 -1.699480 -3.432480
3.384610 1.929270 -4.026100
2.522900 8.746360 -0.713300
7.616560 10.230420 11.618730
13.725130 6.075060 14.424080
2.503750 7.961250 1.163310
3.489930 -1.144160 5.021860
6.352720 -6.304850 7.022940
6.075060 2.609070 7.003790
5.328240 8.621890 8.152740
1.967570 5.653780 9.167640
1.460120 0.636710 7.865500
1.527140 2.647370 6.142080
3.509080 4.954840 7.894220
4.619720 2.522900 8.526150
3.298440 0.186700 7.626140
2.628220 1.642040 7.358050
3.011200 4.255890 8.554870
2.915450 3.796310 8.755940
3.126090 0.713300 8.267630
3.480350 0.445220 8.133590
3.470780 2.206940 8.392100
