1.756930 -4.562280 -9.770840
1.689910 -4.600580 -9.799560
1.546290 -4.926110 -9.770840
1.354800 -5.337820 -10.058080
1.192030 -5.672930 -10.077230
0.856920 -5.672930 -9.703820
0.655860 -5.826120 -9.655940
0.119680 -5.682500 -10.555950
-0.627130 -6.697400 -12.576190
-0.847350 -9.483600 -13.658110
-1.010120 -12.480440 -13.887900
-1.555870 -14.586840 -14.366630
-2.111190 -16.109200 -14.797480
-3.049500 -18.110280 -16.961330
-3.748440 -19.594340 -15.831540
-4.485680 -19.594340 -14.337900
-9.569770 -19.594340 -8.229340
-12.719800 -19.594340 -3.777160
-15.295360 -19.307100 -0.627130
-19.345400 -13.811300 -3.461200
-13.686830 -19.498590 2.695240
-17.717720 -18.273050 -7.827200
-19.603910 -16.377290 -19.603910
-19.575190 -11.379360 -19.603910
-19.603910 -1.211180 -16.032600
-19.603910 7.587840 -8.794230
-16.042180 17.784750 -13.696410
-1.613310 19.603910 -10.785740
19.594340 2.092040 -4.054830
19.594340 5.854840 -13.552790
19.556040 -6.486770 7.654860
19.594340 -15.697490 1.642040
19.594340 -11.235750 -2.513320
17.574110 -2.360130 2.637790
3.758010 5.175050 1.728210
-7.396350 4.782490 4.973980
-5.797400 6.228250 -1.718630
-1.910120 10.239990 2.618640
4.533550 10.268720 9.646370
6.381440 8.056990 7.836780
3.987800 4.658020 6.218680
0.167550 3.767590 6.774000
-2.226090 5.462290 6.572940
-0.330320 4.696320 6.486770
2.695240 2.877160 8.009120
3.059070 5.002710 8.593170
1.795230 8.191040 8.411250
0.675010 7.520820 8.277210
0.272870 4.772920 7.185710
0.818620 3.509080 7.741030
1.249480 4.897390 8.143160
1.412250 1.814380 8.468700
1.125010 2.992050 8.420830
1.096290 5.347390 9.071900
1.555870 6.697400 9.608070
1.460120 7.099540 9.148490
