2.637790 -1.613310 -8.832530
2.331410 -1.689910 -8.507000
2.254810 -1.900550 -8.612320
2.092040 -1.929270 -8.976150
1.919700 -2.025020 -9.215510
1.862250 -2.436730 -9.474030
1.823950 -2.685660 -10.038930
1.910120 -2.599490 -10.402760
2.101620 -2.350550 -10.527230
2.216510 -2.254810 -10.910210
2.120770 -2.522900 -12.327250
1.785660 -3.231410 -14.577270
1.488840 -4.792070 -16.674100
1.546290 -7.865500 -16.645370
0.675010 -12.059160 -16.731540
0.186700 -17.104950 -7.942100
-3.442050 -19.594340 -9.713390
-14.902800 -19.594340 -13.227250
-19.603910 -19.594340 -17.813470
-15.975150 -18.627310 -19.335820
-14.376200 -5.031430 -19.603910
-12.107030 7.310180 -13.705980
-11.867670 11.637880 0.722880
-17.306020 16.654950 12.681500
-19.603910 12.681500 12.901720
-10.431480 -1.460120 4.935690
-3.355880 9.378280 -10.201690
1.795230 19.603910 -12.068730
19.594340 3.518650 9.818710
19.594340 -9.397430 2.340980
19.556040 -19.594340 10.527230
18.665610 -19.450720 3.154820
9.320830 -9.732540 -13.686830
-3.308010 17.794320 -10.412330
2.934600 18.723050 4.571850
14.280460 3.346310 10.757020
4.093120 4.227170 -1.201610
5.548460 -5.816550 4.935690
4.418660 -4.581430 2.848430
5.002710 4.897390 3.489930
4.973980 8.411250 8.181460
0.847350 4.466530 8.382530
0.033510 -0.387770 6.505910
2.542050 0.416490 7.587840
3.968660 4.208020 9.225090
2.963330 2.666510 8.564440
2.503750 -0.751600 7.176130
3.260140 0.339900 7.224010
3.758010 1.766510 9.770840
2.369700 1.172880 9.435730
2.254810 -0.100530 8.535720
3.212260 0.722880 8.162310
3.087800 2.149490 8.947430
2.120770 1.594160 9.541050
2.666510 0.445220 9.359130
3.690990 0.263300 9.091040
