2.695240 -3.805890 -9.349560
2.628220 -4.064400 -9.282540
2.494170 -4.006950 -9.311260
2.494170 -3.959080 -9.339980
2.589920 -4.035680 -9.330410
2.436730 -4.428230 -9.474030
2.120770 -4.859090 -9.904880
1.843100 -5.289940 -10.527230
1.555870 -6.467620 -12.738950
1.125010 -8.870830 -14.452800
0.713300 -11.532560 -12.987890
0.090960 -13.610240 -13.830450
-1.393100 -15.218760 -15.209190
-4.026100 -14.586840 -15.362380
-3.518650 -16.118770 -12.834700
-3.039920 -18.560290 -13.466620
-5.222920 -19.594340 -11.704900
-7.492090 -19.594340 -10.441060
-7.396350 -19.000710 -11.274040
-7.377200 -15.027270 -6.898470
-7.348470 -14.213440 1.661190
-10.249570 -13.255980 7.549540
-13.859180 -9.828290 9.387860
-12.432570 -12.308100 10.192120
-14.251730 -13.121940 6.400590
-13.275130 -12.863420 3.604820
-10.565530 -9.119770 1.785660
-7.386770 -2.350550 1.373950
-5.012280 7.951670 -3.288860
-0.579260 16.406010 -11.092130
17.813470 13.648540 -7.549540
19.594340 10.642120 -10.067650
19.517740 -0.368620 -18.694330
19.594340 -10.354890 -4.198450
19.594340 -5.644200 5.041010
19.584760 -5.108030 5.337820
16.080470 -1.201610 3.154820
11.369790 7.798480 5.797400
5.759100 13.026190 10.622970
-3.221840 10.163400 7.779330
-1.546290 3.116520 2.503750
0.904800 3.633550 4.906960
2.992050 5.127180 7.396350
4.284620 4.849520 7.846350
3.375030 5.356970 6.659110
0.330320 7.693160 6.534640
-0.751600 8.296360 7.884650
0.205850 6.189950 8.727210
1.268630 4.897390 8.238910
1.642040 4.973980 8.076140
1.144160 5.184620 8.085720
0.971820 4.313340 8.430400
1.440970 3.643120 8.439980
1.785660 3.834610 8.382530
1.345230 4.887810 8.449550
1.000540 5.203770 8.468700
