1.469690 -2.589920 -9.665520
1.460120 -2.561200 -9.876160
1.517570 -2.628220 -9.837860
1.536720 -2.695240 -9.780410
1.546290 -2.685660 -9.684670
1.555870 -2.609070 -9.780410
1.536720 -2.637790 -9.895310
1.488840 -2.723960 -9.703820
1.536720 -2.781410 -9.550620
1.689910 -2.838860 -9.617650
1.594160 -3.049500 -10.048500
1.460120 -3.461200 -10.910210
1.393100 -4.026100 -11.159150
0.742030 -4.246320 -12.011290
-0.732450 -3.796310 -13.217680
-2.293110 -5.500590 -13.485770
-4.409090 -14.261310 -7.233580
-4.006950 -19.594340 -2.858010
-16.769840 -19.594340 -17.095380
-19.603910 -19.594340 -19.259230
-19.546470 -13.581510 -19.460290
-10.804890 8.315510 -16.099620
-4.906960 10.268720 -5.041010
-19.603910 9.483600 -7.922950
-12.566610 -8.085720 -3.336730
8.325080 -14.280460 16.894310
-7.836780 16.990060 -11.149580
18.110280 10.287870 0.435640
18.426240 -9.904880 5.385690
12.595330 -19.594340 12.135760
12.566610 -8.296360 -4.246320
14.921950 8.267630 -14.787910
4.342060 12.480440 -12.825120
4.227170 2.053740 5.136750
7.731460 0.272870 8.947430
3.556950 5.280370 1.814380
3.489930 -0.234580 1.756930
4.562280 -1.019690 2.475020
6.458040 2.101620 6.668680
5.682500 4.600580 8.219760
2.206940 1.440970 5.634630
2.321830 -5.337820 3.825040
3.087800 -4.370790 5.548460
5.060160 3.183540 9.119770
5.558030 6.161230 10.728290
3.375030 0.148410 8.889980
3.202690 -3.834610 8.353800
4.380360 -0.378200 9.684670
4.945260 2.197360 11.436810
3.039920 2.053740 10.029350
2.656940 -1.536720 8.363380
3.786740 -3.576100 8.430400
4.600580 -0.406920 9.272960
4.179300 2.858010 10.259140
2.522900 1.115440 8.995300
2.542050 -2.111190 8.861260
