1.929270 -4.102700 -9.052750
1.890980 -4.236740 -9.234660
1.862250 -3.939930 -9.435730
1.718630 -3.968660 -9.751690
1.603740 -4.610150 -10.230420
1.527140 -5.242070 -10.431480
1.306930 -5.462290 -10.441060
0.952670 -5.548460 -10.690000
0.732450 -5.787820 -11.063400
0.579260 -6.324000 -11.791070
0.100530 -7.482520 -13.945350
-0.196280 -8.669760 -13.763430
-0.923950 -9.895310 -14.041090
-1.402670 -12.413420 -15.573020
-2.254810 -14.443220 -15.544300
-3.432480 -16.176220 -14.155990
-5.347390 -17.334740 -13.457050
-6.946340 -17.794320 -12.384690
-11.398510 -19.230510 -12.011290
-13.332580 -19.536890 -12.336820
-15.276210 -16.903890 -11.398510
-19.307100 -11.168730 -9.809140
-18.732630 -8.832530 -7.511240
-17.995390 -11.025110 -10.460210
-16.492180 -14.740040 -12.844270
-16.157070 -11.369790 -13.284700
-15.314510 -0.856920 -9.799560
-13.141090 6.706980 -5.605900
-7.252730 14.290030 -11.178300
-5.376120 19.603910 -10.488930
16.693250 18.770930 -1.440970
19.594340 18.952840 -14.452800
19.489020 7.472940 -0.004790
19.594340 -12.825120 16.291120
19.594340 -13.399600 14.519820
19.345400 -0.205850 8.803810
14.960250 10.105950 7.808050
1.986720 12.011290 10.948510
-15.419830 2.235660 8.286780
-0.943090 -7.559120 -6.774000
1.890980 -0.301600 3.643120
3.949510 10.144250 12.480440
4.208020 13.485770 12.346400
0.885650 7.549540 8.554870
0.090960 0.387770 9.483600
-0.895220 1.153730 8.181460
0.473940 3.164390 9.253810
2.226090 2.513320 9.474030
1.977150 1.603740 8.880400
1.393100 2.293110 8.248480
0.866500 3.662270 8.976150
0.272870 4.772920 10.105950
0.368620 4.954840 9.885730
0.789900 3.394180 9.512330
1.259050 1.622890 8.727210
1.067560 2.082470 8.478270
