1.825656248516 0.886070390770 5.064691425412
2.059771989646 0.900692063767 4.948576605400
2.330257048049 0.916811374853 4.811473337749
2.630038622182 0.934026177988 4.658887407117
2.954568936275 0.952048171755 4.494874619267
3.301356873284 0.970667687719 4.322489667571
3.669682031107 0.989726585690 4.144147239119
4.060473861511 1.009096259885 3.961928569835
4.476331404725 1.028657547201 3.777871859779
4.921648192898 1.048279106509 3.594287611977
5.402775338856 1.067790455925 3.414140976768
5.928081994244 1.086945621794 3.241536271316
6.507629894710 1.105374391673 3.082306186054
7.151957101131 1.122523089132 2.944614601173
7.869242784317 1.137600035537 2.839280392860
8.660214713216 1.149565977252 2.779216480377
9.511222381632 1.157238345720 2.777150865234
10.388458032668 1.159571541760 2.841227351926
11.239063946765 1.156073160880 2.969779778353
12.003475546982 1.147133649341 3.148750521361
12.635008386186 1.133982674335 3.354932781987
13.114437980699 1.118230641624 3.563925606248
13.450466500834 1.101302697510 3.757588833178
13.668869651855 1.084111681910 3.926876332041
13.799777400888 1.067049492198 4.070281544247
13.869506413032 1.050155077737 4.190589439587
13.897681821887 1.033300482841 4.292085458987
13.897599579944 1.016319886487 4.378918422906
13.877781523072 0.999075088653 4.454430471476
13.843574794860 0.981477238278 4.521049289060
13.798381352410 0.963485639981 4.580423954782
13.744477320459 0.945097705405 4.633622976712
13.683512392295 0.926337574511 4.681313442791
13.616795802232 0.907246612267 4.723896193766
13.545453103934 0.887876637488 4.761597511936
13.470510211361 0.868285674679 4.794526707750
13.392938899836 0.848535664560 4.822710071813
13.313682934193 0.828691553096 4.846109815234
13.233674820287 0.808821291019 4.864634185021
13.153847970554 0.788996409685 4.878142854516
13.075146270379 0.769292950125 4.886450201697
12.998531559689 0.749792597615 4.889328156703
12.924988749412 0.730583915863 4.886509788625
12.855527810481 0.711763588796 4.877694572012
12.791181521231 0.693437570243 4.862556213023
12.732997564899 0.675722017365 4.840753937084
12.682023329551 0.658743846705 4.811948173083
12.639281625763 0.642640706991 4.775821545963
12.605735593402 0.627560117260 4.732105936854
12.582241446216 0.613657483284 4.680616006393
12.569488554207 0.601092695704 4.621288919899
12.567927834525 0.590025050828 4.554228999081
12.577691593488 0.580606343674 4.479754645115
12.598510767446 0.572972183172 4.398443227596
12.629638633710 0.567231878590 4.311167962317
12.669792870201 0.563457624217 4.219119535195
12.717129397801 0.561674107407 4.123804936431
12.769260681042 0.561849983256 4.027017216959
12.823327265282 0.563892772243 3.930773007535
12.876124175578 0.567648533382 3.837219490979
12.924274368344 0.572907099378 3.748518268662
12.964431796478 0.579412798379 3.666718811332
12.993489501054 0.586879614124 3.593637349962
13.008765794966 0.595008909084 3.530756986798
13.008145026623 0.603507389343 3.479161287308
12.990157739838 0.612103047300 3.439507559579
12.953995887215 0.620557338946 3.412039127939
12.899469148667 0.628672659138 3.396629970679
12.826915933803 0.636295034072 3.392851396259
12.737086146519 0.643312649168 3.400049389425
12.631012454801 0.649651256973 3.417422473458
12.509883763930 0.655267649171 3.444092543717
12.374930285010 0.660142289631 3.479164192503
12.227325288490 0.664271984694 3.521770836473
12.068105159739 0.667663201858 3.571108066124
11.898107090990 0.670326404035 3.626455946390
11.717922659631 0.672271579161 3.687192588731
11.527865464408 0.673505024929 3.752801360934
11.327951649781 0.674027389531 3.822873787331
11.117893271752 0.673832956150 3.897109675854
10.897105792054 0.672910171923 3.975315402460
10.664732284092 0.671243440552 4.057400663637
10.419687922633 0.668816200696 4.143373426745
10.160728689502 0.665615279726 4.233332314355
9.886547586801 0.661636426907 4.327455311569
9.595899629096 0.656890780870 4.425983562504
9.287753217086 0.651411815829 4.529199215315
8.961460203322 0.645262062871 4.637396866102
8.616930588052 0.638538667692 4.750849169661
8.254791549721 0.631376701092 4.869768549985
7.876506269983 0.623949171906 4.994268424941
7.484427846534 0.616462974048 5.124328576639
7.081769075778 0.609150543170 5.259769799648
6.672480202591 0.602257728990 5.400242377014
6.261042049727 0.596029142818 5.545231173127
5.852197611430 0.590692805745 5.694077485245
5.450656875169 0.586446121573 5.846014904405
5.060813917355 0.583444956318 6.000214083362
4.686511129431 0.581796991688 6.155830117741
4.330874407687 0.581559716014 6.312046448947
3.996228830096 0.582742644806 6.468110579086
3.684090702565 0.585312802694 6.623358924462
3.395221851294 0.589202232304 6.777230224439
3.129726937061 0.594316308478 6.929268599801
2.887174040736 0.600541846640 7.079118389462
2.666721496146 0.607754299491 7.226513283917
2.467238325251 0.615823647752 7.371262162911
2.287410300199 0.624618851511 7.513233632168
2.125827730392 0.634010914469 7.652340721725
1.981054140377 0.643874724141 7.788526687507
1.851677011967 0.654089880712 7.921752422018
1.736342862294 0.664540733998 8.051985657223
1.633779349385 0.675115829405 8.179191930588
1.542807069430 0.685706933499 8.303327166758
1.462343425859 0.696207777405 8.424331680547
1.391400548795 0.706512627634 8.542125411547
1.329078815559 0.716514772458 8.656604240746
1.274557122674 0.726104999110 8.767637303847
1.227080715655 0.735170133646 8.875065297372
1.185947108063 0.743591721339 8.978699868025
1.150490421509 0.751244940888 9.078324280052
1.120064357514 0.757997869940 9.173695666136
1.094023975751 0.763711251130 9.264549278294
1.071706509781 0.768238944437 9.350605255089
1.052411611660 0.771429288041 9.431578490930
