9.779874173461 -1.861307253590 1.383086414620
9.949940587436 -1.920001646277 1.691341424081
10.124296606069 -1.980711929712 2.002282458822
10.303552251132 -2.043800068470 2.316222122265
10.488545103210 -2.109744232430 2.633587344610
10.680385877529 -2.179167235368 2.954932678010
10.880516040798 -2.252872228061 3.280953881225
11.090775748004 -2.331885550700 3.612497202481
11.313476083092 -2.417504654780 3.950555632261
11.551460782977 -2.511344719529 4.296236165725
11.808125928611 -2.615369158078 4.650670126287
12.087336577700 -2.731873810907 5.014820109788
12.393131543782 -2.863368815795 5.389111867693
12.729040461744 -3.012264172082 5.772793227339
13.096768645052 -3.180222117468 6.162916719857
13.494001934314 -3.367024288870 6.552911688145
13.911301680015 -3.568896237319 6.930949671380
14.328729375534 -3.776567426976 7.278799247389
14.714025686124 -3.973985343262 7.572492730619
15.025181140554 -4.139226817237 7.786252092072
15.219307377406 -4.248818783978 7.899724951041
15.265607873886 -4.284601613713 7.905656272841
15.155566743522 -4.239627703527 7.813236432354
14.903909509195 -4.119446928896 7.644590495041
14.540453977223 -3.938400064085 7.426814917844
14.098930173962 -3.713879933017 7.184495873651
13.608719988432 -3.461782278153 6.935818449070
13.091441129594 -3.194390237958 6.692201557855
12.561123344651 -2.920201053712 6.459813901129
12.025973665296 -2.644693919209 6.241480079938
11.490345072342 -2.371293660684 6.038226245272
10.956306814981 -2.102178632858 5.850287430398
10.424702578659 -1.838843845994 5.677661857341
9.895785049889 -1.582447958738 5.520359972985
9.369558642345 -1.334004307747 5.378474744793
8.845942646945 -1.094471181218 5.252159422924
8.324833496960 -0.864781602483 5.141564240799
7.806115547060 -0.645838721376 5.046759784990
7.289649020950 -0.438492523796 4.967660576027
6.775250716437 -0.243506940600 4.903954870834
6.262675555726 -0.061522666391 4.855043280982
5.751603162148 0.106980866783 4.819987675961
5.241631856117 0.261721641411 4.797471824831
4.732281794078 0.402646748190 4.785775608289
4.223008789590 0.529956955466 4.782765007357
3.713230267143 0.644121431028 4.785900249016
3.202364572824 0.745880007633 4.792264393892
2.689884357903 0.836230750459 4.798614289039
2.175383868726 0.916401234044 4.801455210751
1.658658658795 0.987802864467 4.797139708578
1.139794460635 1.051968765722 4.781990110238
0.619259746734 1.110477153049 4.752442773977
0.097994000885 1.164863696593 4.705210344227
-0.422518800198 1.216528068464 4.637455841459
-0.940204037484 1.266641542613 4.546969362083
-1.452391031446 1.316063963133 4.432334680987
-1.955860587666 1.365279274642 4.293069706023
-2.446953798351 1.414358679947 4.129722507617
-2.921743357769 1.462958914129 3.943904789982
-3.376259017177 1.510359838372 3.738248347164
-3.806748123174 1.555540695236 3.516277789817
-4.209942927345 1.597288610077 3.282204012716
-4.583301306660 1.634327458021 3.040655507271
-4.925188795096 1.665451441730 2.796375709444
-5.234977858016 1.689646771892 2.553921035781
-5.513053537206 1.706187104536 2.317394105742
-5.760729707072 1.714693317986 2.090239802373
-5.980093456362 1.715154493935 1.875120194180
-6.173803605896 1.707913010683 1.673871070504
-6.344871857949 1.693621150364 1.487531130155
-6.496452133675 1.673178904333 1.316426934948
-6.631657131657 1.647662784303 1.160293375069
-6.753413266778 1.618253978281 1.018410064535
-6.864357811008 1.586171901453 0.889737489407
-6.966776408714 1.552616785270 0.773041388914
-7.062575566756 1.518722901409 0.666998539300
-7.153283047293 1.485522552605 0.570281062706
-7.240068845924 1.453920093976 0.481619273741
-7.323780079902 1.424674864135 0.399844906122
-7.404984177257 1.398391842851 0.323917515533
-7.484015921107 1.375518953742 0.252937180571
-7.561024975901 1.356350074193 0.186146555484
-7.636021425074 1.341032924543 0.122925049467
-7.708917575250 1.329581053110 0.062777540975
-7.779564859224 1.321889116215 0.005319653104
-7.847785136991 1.317750598621 -0.049738748528
-7.913396083159 1.316877064276 -0.102610509716
-7.976230679634 1.318918002193 -0.153447573806
-8.036151110679 1.323480359896 -0.202356058612
-8.093057580939 1.330146945172 -0.249409533003
-8.146892740021 1.338493020386 -0.294660222347
-8.197642495507 1.348100596104 -0.338148058319
-8.245334030612 1.358570130613 -0.379907637479
-8.290031819457 1.369529536923 -0.419973262774
-8.331832363381 1.380640570388 -0.458382313557
-8.370858270144 1.391602805813 -0.495177226478
-8.407252179053 1.402155506895 -0.530406377441
-8.441170912346 1.412077743678 -0.564124140527
-8.472780117273 1.421187129935 -0.596390370631
-8.502249561424 1.429337539890 -0.627269518926
-8.529749159994 1.436416130634 -0.656829549709
-8.555445748988 1.442339951346 -0.685140787616
-8.579500572003 1.447052369792 -0.712274788364
-8.602067417876 1.450519495904 -0.738303295616
-8.623291329435 1.452726735264 -0.763297321699
-8.643307796577 1.453675564087 -0.787326370784
-8.662242347370 1.453380583015 -0.810457809013
-8.680210456103 1.451866879610 -0.832756376410
-8.697317695442 1.449167708582 -0.854283829161
-8.713660069456 1.445322483629 -0.875098697398
-8.729324474228 1.440375064408 -0.895256142139
-8.744389242350 1.434372315653 -0.914807894942
-8.758924736334 1.427362911928 -0.933802264694
-8.772993963740 1.419396360153 -0.952284197324
-8.786653193351 1.410522212330 -0.970295375919
-8.799952557292 1.400789442130 -0.987874350474
-8.812936628426 1.390245960988 -1.005056688221
