-6.888900 5.318670 1.718630
-7.185710 6.084630 1.613310
-7.348470 6.687830 1.345230
-7.061240 6.525060 1.019690
-6.333570 6.324000 0.464370
-5.385690 6.879320 -0.205850
-4.083550 9.789990 -1.881400
-1.871830 17.689000 -5.270800
2.848430 19.603910 -5.452710
5.146330 19.565620 -7.989970
10.546380 19.603910 -9.675090
18.244330 19.603910 -14.577270
14.864500 19.603910 -10.374040
14.146410 19.603910 -12.671930
19.594340 19.603910 -10.307010
19.594340 17.813470 -1.402670
19.584760 13.705980 -2.101620
19.594340 2.159060 -19.115610
19.594340 -19.594340 -19.603910
19.594340 -19.594340 -6.774000
19.594340 -19.536890 2.704810
19.594340 -19.594340 1.642040
19.594340 -19.594340 2.915450
19.489020 -19.594340 4.964410
15.687920 -19.594340 5.002710
10.776170 -19.594340 5.213350
9.914460 -19.594340 3.202690
7.587840 -19.594340 3.729290
6.458040 -19.594340 3.461200
8.258060 -19.594340 4.121850
7.338900 -19.441140 5.452710
7.559120 -19.517740 4.437810
8.353800 -19.594340 2.197360
9.186790 -19.594340 1.440970
9.541050 -19.594340 1.910120
9.579350 -19.594340 3.509080
11.618730 -19.594340 4.514410
15.735790 -19.594340 5.404840
19.249650 -19.594340 6.458040
19.594340 -19.594340 5.653780
19.584760 -19.594340 2.934600
19.594340 -19.594340 0.809050
19.594340 -19.594340 1.239910
19.594340 -18.416670 1.115440
19.594340 -11.781500 -1.488840
19.594340 -4.102700 -4.782490
19.594340 2.273960 -6.745280
19.527320 7.674010 -9.885730
18.158150 12.394270 -10.488930
14.759190 17.239000 -9.100620
9.703820 18.598580 -6.908050
5.012280 17.736870 -7.501670
2.704810 15.936860 -8.870830
1.306930 16.712400 -8.229340
-0.703730 14.280460 -5.873990
-2.637790 12.652780 -4.686750
-2.790980 12.518740 -5.356970
-2.570770 11.666600 -4.571850
-3.442050 10.508080 -2.436730
-4.725050 8.736790 -0.617560
-5.816550 8.420830 -0.694160
-6.841020 8.918700 -0.550540
-7.463370 8.775080 0.569690
-6.783580 7.549540 0.943090
-5.720800 6.256970 0.588840
-5.988890 6.113360 0.052660
-7.243150 6.639960 0.330320
-8.047420 6.333570 0.435640
-7.635710 5.041010 0.071810
-6.812300 4.179300 -0.502660
-6.783580 4.610150 -0.234580
-7.712310 6.391020 1.029270
-8.191040 7.214430 1.249480
-7.827200 6.094210 1.105860
