-4.284620 9.722970 -1.948420
-4.409090 9.962330 -2.484600
-4.447380 9.789990 -2.618640
-3.930360 8.679340 -1.919700
-3.796310 8.631470 -1.632460
-4.753770 9.971900 -1.718630
-5.299520 9.991050 -1.086710
-4.131420 7.118690 -0.081380
-2.226090 3.844190 0.119680
-2.790980 3.231410 -0.282450
-5.194200 3.863340 -0.062230
-5.960160 2.197360 0.292020
-4.016530 -2.733540 0.282450
-0.856920 -7.195280 1.431400
1.584590 -7.922950 2.752690
4.820790 -9.569770 3.011200
9.895310 -15.400680 3.710140
12.346400 -18.761350 4.543130
10.163400 -19.594340 5.835700
8.736790 -19.489020 6.525060
7.836780 -17.775170 6.429320
5.232500 -17.325170 5.586760
4.361210 -18.263470 5.031430
3.260140 -16.166640 5.778250
3.355880 -13.686830 7.712310
3.825040 -13.916620 8.286780
3.384610 -13.983640 7.539970
2.570770 -16.128350 7.224010
3.020770 -16.702820 7.291030
3.690990 -16.674100 7.434650
3.700570 -17.449640 7.750610
4.495260 -19.594340 6.888900
4.839940 -19.594340 5.194200
4.772920 -19.508170 5.510160
4.160150 -17.516660 4.734620
3.432480 -15.821960 5.165480
3.489930 -14.538970 5.184620
3.097370 -12.336820 4.926110
1.804800 -9.531480 4.035680
-0.282450 -8.133590 3.068650
-1.297350 -6.716550 2.743110
-1.594160 -4.571850 2.379280
-1.785660 -3.068650 2.436730
-2.015450 -1.958000 2.388850
-3.135670 -0.454790 2.015450
-3.987800 0.445220 1.555870
-4.035680 0.531390 1.402670
-3.614400 0.397340 1.680340
-2.819710 0.847350 1.507990
-2.810130 1.498420 0.981390
-3.939930 2.025020 1.402670
-4.868660 2.427150 1.680340
-5.309090 2.427150 1.862250
-4.169720 3.154820 1.546290
-4.696320 4.131420 1.259050
-5.739950 5.060160 1.153730
-6.228250 5.510160 1.010120
-5.720800 4.983560 0.483520
-5.337820 4.131420 0.023940
-5.385690 5.615480 0.339900
-6.534640 8.124010 0.607980
-7.156980 8.258060 1.306930
-6.161230 7.664440 1.575020
-5.701650 7.932520 1.756930
-6.055910 10.287870 0.607980
-7.578260 11.542130 -0.359050
-7.664440 8.372950 1.019690
-5.653780 4.236740 2.226090
-5.452710 3.221840 1.613310
-6.783580 4.083550 1.048410
-7.645290 4.485680 1.182460
-7.721880 4.562280 1.594160
-7.606990 5.462290 2.417580
-7.721880 6.391020 2.743110
