-1.230330 10.029350 -2.254810
-1.527140 11.178300 -2.944180
-1.125010 11.044250 -3.126090
0.000000 10.239990 -2.685660
1.115440 10.785740 -3.106940
1.507990 11.743200 -4.476110
1.527140 11.733620 -5.194200
1.699480 11.599580 -5.797400
1.383520 12.767680 -5.893140
0.359050 14.749610 -4.686750
-2.044170 14.347480 -4.227170
-3.777160 12.509160 -3.231410
-3.671840 10.900640 -0.473940
-2.647370 6.094210 1.364370
5.902720 -5.605900 1.862250
17.009210 -16.032600 0.263300
19.594340 -17.602830 2.025020
19.565620 -18.694330 -0.617560
19.594340 -19.594340 2.005870
18.646460 -19.584760 -8.612320
3.786740 -19.594340 -11.005960
3.901630 -19.594340 9.043170
5.921870 -18.100710 19.594340
-0.876070 -18.521990 16.281540
0.493090 -19.594340 14.529390
2.312260 -19.584760 11.082550
4.485680 -19.469870 8.124010
4.351640 -17.746450 5.605900
4.083550 -16.616650 3.279290
4.389940 -16.827290 2.034590
4.600580 -15.314510 1.661190
3.566520 -12.652780 1.804800
2.053740 -10.709150 2.417580
0.742030 -9.713390 3.202690
-0.282450 -8.334650 3.901630
-1.239910 -7.597410 4.208020
-2.293110 -7.013370 4.370790
-2.656940 -6.860170 3.853760
-2.216510 -6.036760 3.796310
-2.283530 -5.443140 3.518650
-2.781410 -4.284620 4.112270
-3.250560 -4.026100 4.332490
-3.394180 -4.198450 3.375030
-3.288860 -3.260140 1.823950
-3.432480 -1.881400 1.603740
-3.633550 -1.373950 2.551620
-3.930360 -0.397340 2.762260
-3.825040 0.205850 2.982480
-3.690990 0.435640 2.647370
-4.485680 1.412250 2.130340
-5.615480 2.542050 1.967570
-5.491010 3.145240 2.388850
-4.351640 3.269710 2.695240
-4.208020 3.930360 2.408000
-5.356970 5.356970 2.025020
-5.768670 6.055910 2.130340
-4.916540 5.845270 1.728210
-4.868660 5.912290 0.789900
-5.663350 7.003790 0.272870
-6.256970 7.482520 0.292020
-5.720800 6.821870 0.502660
-5.002710 6.486770 0.339900
-5.615480 7.769760 -0.272870
-6.429320 8.813380 -0.244150
-5.998460 8.162310 0.512240
-4.993130 7.233580 0.770750
-4.926110 6.802730 0.971820
-5.222920 7.252730 1.134590
-5.672930 7.788900 1.105860
-5.768670 7.348470 1.661190
-5.471860 6.850600 2.130340
-5.768670 6.888900 2.072890
-6.170800 6.946340 2.206940
-6.027190 7.089960 2.398430
