-2.934600 9.636790 -2.082470
-2.972900 10.010200 -1.929270
-2.436730 9.962330 -1.776080
-2.025020 9.684670 -2.015450
-1.632460 9.119770 -2.206940
-1.077140 8.909130 -3.087800
-1.278200 8.679340 -3.690990
-1.440970 7.472940 -2.982480
-1.067560 6.247400 -2.072890
-0.847350 5.136750 -1.622890
-1.105860 3.738870 -1.642040
-0.722880 1.680340 -0.943090
0.646280 -0.205850 -0.272870
1.488840 -1.393100 0.234580
1.833530 -4.389940 0.761180
3.384610 -8.641040 0.540960
6.448470 -10.690000 0.378200
9.962330 -9.837860 0.071810
12.662360 -11.187870 0.205850
13.993220 -14.548550 -0.617560
14.893230 -17.554960 -2.139910
17.928360 -17.851770 -2.704810
19.594340 -17.689000 -2.312260
19.594340 -19.498590 -0.914370
19.594340 -19.594340 -0.387770
18.847520 -19.594340 -0.359050
15.257060 -19.594340 -0.301600
12.154900 -19.594340 1.029270
10.938940 -19.594340 3.681420
9.924030 -19.565620 5.567610
10.172970 -18.378370 6.726130
9.885730 -17.037930 7.128260
8.794230 -17.133680 5.854840
7.482520 -18.368790 3.930360
7.702730 -19.393270 2.417580
8.650620 -18.579440 1.718630
9.579350 -16.051750 1.316500
9.349560 -13.638960 1.000540
9.004870 -12.758100 1.211180
8.382530 -12.604910 0.990970
8.401680 -12.873000 0.655860
8.535720 -12.011290 0.493090
7.961250 -10.527230 0.923950
6.888900 -10.374040 1.622890
6.247400 -11.226170 1.594160
6.285700 -10.967660 1.182460
5.873990 -10.431480 1.249480
4.897390 -10.307010 1.335650
4.227170 -10.335740 1.460120
4.026100 -10.488930 1.699480
3.566520 -10.613400 1.297350
3.317590 -10.421910 1.555870
3.288860 -10.211270 2.350550
2.283530 -9.521900 2.293110
1.632460 -9.311260 2.656940
1.086710 -8.957000 2.925030
0.445220 -8.401680 3.164390
0.282450 -7.913370 3.470780
-0.090960 -7.233580 3.643120
-0.713300 -6.706980 3.978230
-1.316500 -6.563360 4.255890
-1.862250 -6.496340 4.073980
-2.733540 -5.356970 3.767590
-3.892060 -3.767590 4.160150
-4.610150 -3.336730 4.744190
-4.792070 -3.308010 4.993130
-4.131420 -3.576100 4.849520
-3.805890 -3.030350 4.322910
-4.466530 -2.379280 4.294190
-5.175050 -2.082470 4.208020
-5.175050 -1.977150 3.920780
-4.437810 -1.996300 3.489930
-3.959080 -1.249480 3.126090
-4.772920 0.138830 3.059070
