-4.820790 8.191040 0.416490
-4.399510 7.224010 0.751600
-3.413330 6.458040 1.029270
-2.819710 6.592080 0.866500
-2.963330 7.224010 0.789900
-2.733540 7.166560 1.048410
-2.532470 6.706980 1.335650
-1.986720 5.462290 1.871830
-1.153730 3.729290 1.632460
-0.588840 2.599490 0.847350
0.186700 1.795230 0.636710
1.613310 0.694160 1.536720
3.489930 -1.287780 1.622890
4.342060 -4.275040 2.283530
4.342060 -7.281450 2.053740
5.012280 -8.889980 0.521810
7.855930 -10.948510 0.301600
10.019780 -14.471950 1.613310
8.880400 -17.334740 3.039920
7.291030 -19.393270 4.121850
7.568690 -19.594340 5.213350
8.076140 -19.230510 7.319750
6.927190 -19.316680 8.832530
5.356970 -19.594340 8.133590
4.782490 -19.594340 6.898470
4.016530 -19.594340 6.697400
3.375030 -19.594340 6.984640
3.011200 -19.594340 6.065480
3.422910 -19.594340 5.146330
3.346310 -19.594340 5.471860
3.049500 -19.594340 5.261220
3.317590 -19.412420 4.380360
3.872910 -17.621980 3.834610
4.380360 -15.649620 3.432480
4.514410 -14.184710 3.116520
4.973980 -13.658110 3.825040
4.954840 -12.049580 3.547370
4.112270 -10.086800 3.422910
3.260140 -8.909130 3.384610
2.120770 -6.850600 2.599490
0.292020 -4.792070 2.609070
-1.259050 -3.154820 2.858010
-2.206940 -2.944180 2.417580
-2.465450 -3.250560 1.546290
-2.743110 -2.992050 0.703730
-2.982480 -0.205850 0.464370
-3.231410 0.406920 0.129260
-4.093120 1.287780 -0.320750
-4.083550 2.053740 0.607980
-3.384610 2.178210 1.086710
-3.872910 2.896300 0.789900
-5.491010 4.600580 0.856920
-6.458040 5.663350 1.345230
-5.596330 5.194200 1.852680
-4.399510 4.160150 2.025020
-4.839940 5.041010 1.373950
-6.467620 6.582510 1.010120
-6.841020 6.458040 1.431400
-5.567610 5.979310 1.450550
-5.165480 5.960160 1.440970
-5.816550 7.003790 1.201610
-6.553790 8.143160 1.019690
-6.362300 7.731460 1.019690
-5.452710 6.850600 0.780330
-5.337820 6.726130 0.512240
-5.950590 7.013370 0.627130
-6.046330 7.492090 0.856920
-5.471860 8.334650 0.943090
-5.175050 8.842110 0.866500
-5.328240 8.009120 1.048410
-5.538880 6.994220 1.345230
-5.500590 7.511240 1.201610
-5.605900 8.334650 0.770750
-5.682500 7.731460 0.521810
