-4.265470 9.004870 -1.019690
-3.145240 8.870830 -1.029270
-2.417580 8.832530 -1.431400
-2.072890 9.407000 -1.938850
-1.584590 10.929360 -2.609070
-0.493090 12.470860 -3.336730
0.703730 15.429400 -4.849520
4.160150 19.603910 -8.200610
14.021940 19.603910 -11.771920
19.201780 19.594340 -13.083640
6.362300 19.603910 -11.599580
9.445300 19.603910 -12.892150
18.847520 19.575190 -15.754940
19.594340 19.450720 -13.667690
19.565620 18.301770 -8.449550
19.594340 12.126180 -2.685660
19.594340 4.916540 -5.634630
19.594340 -11.226170 -18.407090
19.594340 -19.594340 -19.603910
18.837950 -19.536890 -11.388940
14.577270 -19.594340 0.263300
19.575190 -19.594340 3.643120
19.594340 -19.594340 7.099540
17.478360 -19.594340 10.163400
13.801730 -19.594340 12.729380
7.635710 -19.594340 11.226170
8.928280 -19.594340 7.367620
9.359130 -19.594340 6.879320
6.831450 -19.594340 5.739950
6.678260 -19.594340 7.415500
8.200610 -19.594340 8.870830
12.422990 -19.594340 10.814470
11.293190 -19.594340 11.838940
9.627220 -19.594340 13.179380
10.335740 -19.594340 12.997470
13.217680 -19.594340 11.963410
17.545380 -19.594340 10.862340
19.594340 -19.594340 10.852760
19.584760 -19.594340 6.745280
19.594340 -19.594340 12.231500
19.594340 -19.058160 4.859090
19.594340 -5.969740 2.896300
19.594340 1.785660 -0.253730
19.565620 -2.321830 -3.394180
17.344320 -4.993130 -6.094210
17.679430 -5.730370 -8.660190
13.983640 -3.212260 -7.721880
13.983640 2.551620 -8.631470
18.962420 4.820790 -10.019780
13.294280 9.359130 -8.669760
10.144250 9.761260 -7.166560
8.775080 11.350640 -5.586760
6.017610 11.934690 -3.039920
6.649530 11.752770 -2.025020
2.676090 14.242160 -3.920780
1.373950 13.246400 -2.819710
1.019690 12.624060 -0.177130
-1.421820 12.758100 1.632460
-2.838860 13.763430 3.087800
-2.790980 15.295360 3.671840
-4.179300 14.021940 2.982480
-3.939930 10.441060 1.728210
-4.284620 8.966580 0.531390
-4.868660 7.358050 0.090960
-5.500590 6.352720 0.406920
-6.381440 5.816550 0.339900
-6.151650 5.041010 -0.349470
-5.596330 4.983560 -0.962240
-5.108030 4.514410 -0.560110
-5.739950 5.605900 0.215430
-6.869750 7.118690 1.134590
-7.377200 7.645290 1.306930
-6.467620 7.405920 0.837770
-5.969740 7.463370 0.971820
