-5.854840 7.348470 -0.521810
-5.328240 7.348470 -1.086710
-5.376120 8.191040 -1.383520
-5.385690 8.679340 -0.416490
-4.792070 8.832530 -0.119680
-4.332490 8.171890 -0.368620
-3.671840 6.841020 -0.770750
-3.269710 5.998460 -1.871830
-2.685660 5.481440 -2.513320
-2.053740 3.671840 -1.747360
-2.312260 1.383520 -0.512240
-3.576100 1.067560 -0.770750
-3.068650 0.177130 -0.292020
2.025020 -2.187790 0.933520
7.635710 -4.322910 2.408000
13.390020 -8.181460 2.695240
19.278380 -14.270880 3.087800
19.594340 -19.039010 0.550540
19.364550 -19.594340 0.713300
16.654950 -19.594340 2.915450
10.010200 -19.594340 1.460120
4.543130 -19.508170 5.883570
4.255890 -18.885820 11.628300
3.643120 -19.594340 9.483600
2.570770 -19.594340 7.358050
2.695240 -19.469870 8.286780
3.633550 -17.507080 8.708060
3.212260 -17.104950 6.735700
3.978230 -17.775170 3.959080
3.365460 -16.760270 2.130340
4.322910 -16.233670 1.795230
5.318670 -15.266640 1.057990
4.983560 -14.050670 1.689910
4.294190 -12.595330 2.465450
3.585670 -11.331490 3.116520
2.542050 -9.588920 3.317590
1.249480 -9.349560 4.006950
0.933520 -9.205940 4.380360
0.406920 -8.842110 4.073980
-0.435640 -8.152740 3.633550
-1.259050 -7.606990 3.566520
-1.488840 -7.779330 3.585670
-0.981390 -7.674010 3.528230
-1.412250 -6.668680 3.480350
-2.082470 -5.854840 3.930360
-2.436730 -4.849520 3.480350
-2.819710 -3.901630 3.681420
-3.145240 -3.825040 3.269710
-3.327160 -3.317590 3.413330
-3.633550 -2.092040 3.049500
-4.016530 -1.259050 2.408000
-4.370790 -0.809050 2.044170
-4.839940 -0.177130 1.766510
-5.423990 0.914370 1.833530
-5.567610 1.594160 1.785660
-5.423990 1.938850 1.651610
-5.787820 2.666510 1.440970
-6.764430 3.566520 1.421820
-6.256970 3.825040 1.766510
-5.088880 3.470780 1.996300
-4.878240 3.566520 1.843100
-5.873990 4.906960 1.661190
-6.620810 5.941020 1.938850
-6.352720 5.471860 2.092040
-5.596330 4.792070 1.737780
-5.577180 5.510160 1.421820
-6.525060 7.099540 1.077140
-7.137830 7.492090 1.421820
-6.716550 6.888900 1.689910
-5.960160 6.553790 1.498420
-6.209100 8.200610 1.536720
-7.003790 11.877240 0.426070
-7.989970 12.604910 0.732450
-7.367620 8.727210 1.230330
