-0.981390 11.771920 -2.704810
0.110110 10.508080 -2.111190
1.278200 8.698490 -1.890980
2.216510 7.080390 -1.747360
2.877160 5.941020 -1.910120
3.202690 5.328240 -2.312260
3.365460 4.820790 -3.221840
3.652690 4.141000 -4.629300
4.294190 3.279290 -5.577180
5.337820 1.814380 -4.571850
6.860170 -0.521810 -1.919700
8.066570 -3.078220 -1.747360
7.626140 -4.935690 -4.083550
6.496340 -7.204860 -4.495260
6.563360 -11.120850 -2.254810
9.253810 -16.970910 -0.962240
11.197450 -19.594340 -0.052660
9.914460 -18.521990 0.684580
9.234660 -18.904970 1.067560
10.211270 -19.594340 2.723960
10.565530 -19.594340 3.853760
8.219760 -19.594340 4.361210
5.471860 -19.594340 6.630380
5.021860 -19.594340 10.000630
5.328240 -19.594340 10.967660
4.332490 -19.594340 9.866590
3.087800 -19.594340 8.698490
3.068650 -19.594340 8.708060
3.844190 -19.594340 8.574020
4.562280 -19.594340 7.674010
5.366540 -19.594340 6.448470
6.563360 -19.594340 5.548460
8.095290 -19.594340 4.782490
9.378280 -19.594340 3.662270
10.038930 -18.703900 2.475020
9.837860 -15.276210 1.584590
9.062320 -13.083640 0.406920
8.085720 -11.905970 -0.569690
7.147410 -9.742120 -1.354800
6.659110 -7.195280 -1.785660
6.879320 -4.926110 -1.517570
7.377200 -2.867580 -0.627130
7.539970 -0.971820 -0.359050
6.716550 0.646280 -0.847350
5.232500 1.718630 -1.086710
3.901630 2.273960 -1.498420
2.886730 2.829280 -2.168640
2.159060 3.968660 -3.030350
1.479270 5.280370 -3.700570
0.866500 6.266550 -3.652690
0.598410 6.668680 -3.336730
0.531390 6.908050 -3.001620
0.569690 8.258060 -2.465450
0.799480 10.153820 -2.704810
0.560110 11.187870 -3.375030
0.033510 11.082550 -2.762260
-0.081380 12.911300 -2.130340
0.119680 16.023030 -2.427150
-0.330320 17.621980 -2.561200
-1.517570 17.842190 -1.364370
-1.565440 16.597500 -0.780330
-1.125010 14.605990 -1.201610
-1.192030 12.480440 -1.029270
-1.373950 10.824040 -0.569690
-1.737780 10.134670 -0.521810
-2.503750 9.857010 -0.349470
-3.068650 9.713390 0.378200
-3.221840 10.115520 0.694160
-3.432480 10.431480 1.048410
-3.863340 10.651700 1.603740
-4.284620 10.603830 1.843100
-4.112270 9.569770 2.312260
-3.489930 8.258060 2.656940
-3.183540 7.099540 2.838860
