-2.369700 6.879320 1.709060
-2.226090 8.880400 1.019690
-2.561200 11.551710 0.110110
-2.417580 13.141090 -0.387770
-1.958000 14.711310 -1.412250
-2.025020 15.506000 -2.484600
-2.235660 16.568780 -3.097370
-0.818620 16.358140 -3.078220
2.005870 13.437900 -3.020770
4.514410 10.862340 -2.982480
5.692080 8.746360 -3.240990
6.410170 5.988890 -3.183540
8.258060 3.729290 -4.361210
10.728290 2.053740 -7.329330
13.007040 0.129260 -10.326160
16.204940 -1.632460 -10.804890
19.374120 -5.644200 -8.382530
19.594340 -10.642120 -6.553790
19.584760 -14.529390 -10.737870
19.594340 -17.076230 -17.890070
18.761350 -19.594340 -17.296440
12.633630 -19.584760 -9.598500
11.484690 -19.594340 -0.588840
13.763430 -19.594340 2.331410
11.570860 -19.594340 -0.023940
10.201690 -19.594340 -2.283530
11.637880 -19.594340 -4.188870
10.699570 -19.594340 -5.462290
10.125100 -19.594340 -5.548460
10.297440 -19.594340 -4.801640
9.732540 -19.594340 -4.294190
9.799560 -19.594340 -4.275040
9.378280 -19.594340 -5.404840
8.679340 -19.594340 -6.630380
9.895310 -19.594340 -7.109110
11.542130 -19.594340 -8.114440
12.087880 -19.594340 -9.483600
12.691080 -19.594340 -10.661270
13.131510 -19.450720 -11.743200
14.194290 -18.703900 -11.905970
15.563450 -17.009210 -10.814470
15.764510 -14.921950 -9.722970
15.199610 -13.131510 -8.880400
14.567690 -11.063400 -9.445300
13.715560 -9.828290 -9.339980
13.265550 -8.305930 -8.171890
12.403840 -5.500590 -6.381440
10.584680 -2.465450 -5.577180
8.171890 -0.923950 -5.663350
6.046330 -0.665430 -6.965490
5.366540 0.272870 -7.750610
4.878240 3.710140 -7.530390
3.537800 9.493180 -6.103780
1.144160 16.204940 -4.686750
-1.594160 18.273050 -2.829280
-3.336730 13.504920 -2.656940
-1.259050 9.445300 -2.771840
-0.512240 10.642120 -1.450550
-2.714390 12.365540 -0.062230
-3.413330 11.044250 0.397340
-2.340980 9.004870 0.722880
-2.570770 8.143160 1.163310
-3.528230 7.003790 1.919700
-4.054830 5.222920 3.135670
-4.973980 4.150570 4.351640
-5.826120 3.442050 5.232500
-6.256970 3.528230 5.720800
-6.381440 3.892060 6.132510
-6.505910 4.141000 6.180380
-6.908050 4.322910 6.103780
-6.994220 3.997380 5.921870
-6.898470 3.154820 6.247400
-6.458040 2.896300 6.994220
-6.659110 3.193120 7.396350
