-3.566520 8.286780 -0.655860
-3.901630 8.602740 -0.684580
-4.495260 9.876160 -0.205850
-5.060160 10.622970 -0.359050
-4.667600 9.148490 -0.550540
-4.073980 7.300600 0.081380
-4.504830 7.262300 0.253730
-5.749520 8.056990 0.311170
-6.343150 7.415500 0.981390
-5.644200 5.155900 1.843100
-5.108030 3.959080 1.642040
-5.242070 5.184620 1.211180
-3.087800 4.973980 1.890980
0.397340 2.283530 1.153730
3.164390 -2.331410 0.196280
5.519730 -6.994220 -0.196280
8.344230 -10.613400 0.129260
11.982560 -15.592170 1.373950
10.498510 -18.320920 1.440970
8.516570 -19.594340 3.288860
7.836780 -19.469870 5.194200
3.939930 -19.594340 7.291030
2.159060 -19.594340 6.783580
1.785660 -19.594340 6.821870
1.948420 -19.594340 7.798480
1.613310 -19.594340 7.989970
1.498420 -19.441140 7.444220
1.306930 -18.071980 6.630380
1.527140 -17.171970 5.644200
0.598410 -14.366630 3.968660
-0.110110 -12.920870 3.308010
0.023940 -12.911300 3.269710
1.105860 -12.920870 3.260140
1.239910 -10.785740 3.164390
-0.157980 -8.794230 3.327160
-1.249480 -8.277210 3.250560
-1.057990 -8.047420 3.087800
-1.144160 -7.195280 3.173970
-2.206940 -6.534640 3.116520
-3.422910 -5.988890 2.532470
-3.738870 -5.567610 2.637790
-4.447380 -4.705900 2.695240
-4.763340 -4.571850 2.886730
-4.993130 -4.141000 2.542050
-5.404840 -3.020770 1.967570
-5.845270 -2.609070 1.498420
-5.385690 -3.269710 1.479270
-5.194200 -2.925030 1.575020
-5.213350 -2.159060 2.053740
-5.270800 -0.732450 1.996300
-5.653780 0.157980 1.977150
-5.864420 0.157980 2.417580
-5.404840 0.560110 2.427150
-5.309090 2.044170 1.996300
-5.950590 3.470780 1.670760
-6.630380 3.949510 2.226090
-6.343150 3.834610 2.599490
-5.950590 4.208020 2.149490
-6.075060 5.222920 1.709060
-6.802730 7.147410 1.565440
-7.539970 8.047420 1.421820
-7.061240 7.147410 0.952670
-5.921870 6.103780 0.684580
-5.797400 6.094210 0.770750
-6.247400 6.850600 0.799480
-5.893140 6.994220 0.943090
-5.213350 6.678260 0.952670
-5.337820 6.812300 1.115440
-6.008040 7.109110 1.555870
-6.017610 7.884650 2.063320
-5.730370 9.349560 1.680340
-6.027190 9.091040 1.077140
-5.979310 6.745280 1.048410
-5.845270 5.098450 1.402670
