-4.830370 3.164390 1.029270
-4.389940 2.618640 1.804800
-4.973980 3.403760 1.517570
-5.577180 3.250560 1.823950
-5.356970 1.019690 2.858010
-3.116520 -1.383520 2.676090
-0.636710 -1.938850 1.890980
-0.215430 -1.948420 1.412250
-1.000540 -3.805890 1.862250
0.684580 -6.276120 2.149490
3.126090 -7.645290 2.072890
4.447380 -7.894220 1.536720
5.299520 -8.803810 1.211180
7.128260 -9.713390 0.751600
9.244240 -11.187870 1.259050
11.503840 -12.652780 2.053740
13.591090 -14.108110 2.570770
14.558120 -15.783660 1.804800
14.280460 -16.836860 0.914370
13.610240 -18.091130 1.584590
11.724050 -19.364550 1.584590
10.230420 -19.192210 2.925030
9.531480 -15.553870 4.265470
8.574020 -15.276210 5.529310
8.392100 -17.420910 5.653780
7.252730 -17.554960 5.443140
7.291030 -16.788990 5.567610
7.951670 -16.176220 5.596330
8.545290 -15.678340 5.108030
7.482520 -15.754940 3.815460
7.089960 -15.975150 2.714390
7.520820 -14.864500 2.034590
7.989970 -13.782580 1.565440
8.382530 -13.792150 1.402670
8.238910 -13.390020 1.345230
7.405920 -13.035760 1.555870
6.850600 -12.901720 1.622890
6.687830 -12.298520 1.594160
6.448470 -11.628300 2.072890
5.615480 -10.776170 2.561200
4.523980 -10.613400 2.877160
3.863340 -10.211270 2.666510
3.365460 -10.211270 2.264380
3.403760 -10.517650 1.862250
3.671840 -10.335740 1.642040
3.030350 -9.914460 1.843100
1.996300 -9.588920 2.273960
1.096290 -9.282540 2.159060
0.579260 -8.909130 1.766510
-0.445220 -7.291030 2.819710
-1.460120 -7.137830 2.963330
-1.804800 -6.955920 3.087800
-1.823950 -6.381440 3.173970
-2.398430 -5.730370 3.604820
-2.676090 -5.615480 3.968660
-2.905880 -5.031430 3.767590
-3.279290 -3.748440 3.681420
-3.959080 -2.915450 3.681420
-4.878240 -2.867580 3.767590
-5.165480 -3.011200 4.102700
-5.031430 -2.723960 4.332490
-4.983560 -1.402670 4.006950
-5.318670 0.215430 3.911210
-6.228250 1.316500 4.054830
-6.630380 1.105860 4.332490
-5.969740 0.665430 3.978230
-5.529310 1.134590 3.384610
-5.739950 2.446300 3.030350
-6.276120 3.164390 3.078220
-6.180380 3.087800 3.087800
-5.730370 3.087800 2.599490
-5.519730 3.671840 2.226090
-5.950590 4.294190 2.235660
-6.343150 4.811220 2.321830
