-1.804800 10.651700 -5.117600
-2.034590 11.666600 -5.471860
-2.293110 13.007040 -6.831450
-3.365460 16.702820 -10.067650
-3.260140 19.163480 -10.747440
-1.555870 19.603910 -11.657030
1.642040 19.594340 -11.015530
4.227170 19.603910 -12.873000
4.820790 19.603910 -14.778330
0.818620 19.603910 -15.601750
5.232500 19.603910 -18.665610
14.730460 19.603910 -18.703900
19.594340 19.603910 -18.445390
19.575190 15.726210 -19.603910
19.594340 -15.984730 -18.847520
19.594340 -19.594340 -8.602740
19.594340 -14.318750 -0.215430
16.520900 -15.668770 -8.056990
15.506000 -19.594340 -16.406010
8.095290 -19.546470 -14.807060
2.618640 -19.594340 -16.540050
8.401680 -19.565620 -13.495340
13.820880 -18.857100 -11.274040
10.230420 -19.594340 -9.397430
6.946340 -19.594340 -9.560200
8.133590 -19.594340 -9.100620
10.575100 -19.594340 -8.056990
10.010200 -19.594340 -7.358050
9.368710 -19.594340 -6.218680
9.119770 -18.206030 -5.404840
8.104870 -17.009210 -5.060160
8.267630 -18.100710 -5.960160
7.769760 -19.374120 -6.783580
6.496340 -19.594340 -6.735700
6.908050 -19.594340 -6.975070
7.712310 -19.594340 -6.237830
8.784660 -19.556040 -6.180380
10.728290 -18.177300 -6.687830
11.254900 -17.507080 -6.075060
11.733620 -16.338990 -5.347390
12.068730 -15.170890 -5.098450
11.724050 -9.292110 -4.064400
11.446390 -3.758010 -4.418660
11.992140 -5.797400 -5.586760
9.809140 -14.021940 -4.849520
4.208020 -8.009120 -4.792070
7.396350 -2.580340 -5.261220
9.598500 0.694160 -5.328240
7.836780 4.801640 -2.800560
4.993130 6.371870 -4.571850
2.752690 3.614400 -5.309090
-5.136750 4.083550 -7.061240
-5.797400 12.758100 -8.621890
4.361210 19.364550 -6.180380
0.780330 19.584760 -5.414410
-5.165480 13.705980 -5.596330
-2.915450 8.976150 -5.893140
-0.531390 9.158070 -4.045250
-1.594160 9.895310 -3.221840
-3.509080 7.367620 -2.829280
-3.959080 5.261220 -3.221840
-4.380360 5.730370 -2.858010
-5.414410 8.133590 -2.216510
-5.873990 10.460210 -2.580340
-6.965490 9.713390 -0.847350
-8.056990 7.233580 0.445220
-8.765510 6.448470 0.502660
-8.133590 6.553790 0.914370
-6.477190 6.572940 1.201610
-6.295270 7.013370 0.923950
-6.544210 7.396350 0.703730
-6.237830 8.095290 0.464370
-5.759100 9.311260 0.081380
-5.663350 9.761260 -0.272870
