0.177130 8.660190 -5.471860
0.330320 11.503840 -7.808050
-0.320750 16.185790 -11.446390
-1.077140 14.759190 -8.037840
-0.579260 13.571940 -6.352720
1.192030 14.194290 -6.888900
2.130340 16.654950 -8.660190
1.622890 19.603910 -11.000000
-0.493090 19.489020 -11.140000
0.205850 17.698570 -9.780410
4.169720 17.765600 -10.383610
9.531480 19.268800 -10.287870
11.465540 19.603910 -11.877240
10.642120 19.603910 -18.435820
12.011290 18.799650 -16.990060
19.039010 12.777250 -14.184710
19.594340 1.881400 -18.991140
19.565620 -3.518650 -19.603910
19.594340 -10.096370 -19.517740
19.594340 -19.125180 -14.280460
19.594340 -12.260220 -2.915450
18.387940 -5.318670 -3.308010
19.278380 -19.144330 -6.908050
19.594340 -19.594340 -9.397430
19.584760 -19.546470 -11.111280
19.575190 -19.489020 -11.025110
19.594340 -19.594340 -9.560200
19.460290 -19.594340 -9.215510
19.594340 -19.594340 -9.234660
19.192210 -19.594340 -8.430400
14.270880 -19.594340 -5.826120
10.067650 -19.594340 -4.591000
11.264470 -19.594340 -3.863340
12.030440 -19.594340 -4.523980
11.877240 -19.594340 -4.456960
12.470860 -19.594340 -4.447380
13.399600 -19.594340 -4.447380
12.997470 -19.594340 -5.203770
12.451720 -19.594340 -6.247400
13.993220 -19.594340 -5.653780
14.184710 -19.096460 -5.941020
14.194290 -18.234750 -6.343150
14.893230 -18.273050 -6.888900
15.199610 -16.961330 -7.195280
16.118770 -14.768760 -7.262300
15.946430 -13.763430 -7.147410
14.443220 -11.436810 -6.955920
14.280460 -9.474030 -6.132510
12.700650 -8.947430 -5.356970
10.948510 -7.970820 -6.017610
10.239990 -7.606990 -6.151650
8.985730 -5.941020 -5.356970
8.114440 -3.250560 -4.322910
7.779330 -0.904800 -3.604820
6.429320 -0.464370 -3.576100
4.964410 -1.421820 -3.260140
3.623970 -0.856920 -2.743110
2.848430 -0.751600 -2.340980
1.737780 -0.952670 -2.273960
1.335650 0.876070 -3.183540
1.613310 3.059070 -5.299520
1.517570 5.471860 -6.649530
1.163310 8.305930 -5.270800
-0.684580 13.007040 -3.710140
-2.092040 14.567690 -3.892060
-4.619720 14.759190 -3.480350
-4.868660 13.399600 -2.934600
-4.332490 13.638960 -4.284620
-2.398430 14.347480 -4.265470
0.397340 14.988970 -4.313340
2.101620 13.954920 -5.318670
1.498420 13.275130 -5.318670
-0.694160 13.457050 -4.035680
-1.747360 13.054910 -3.403760
