-6.381440 8.009120 -0.665430
-5.797400 7.942100 -1.460120
-5.328240 8.449550 -1.469690
-5.175050 10.469780 -1.919700
-4.361210 13.007040 -3.317590
-2.666510 14.950680 -5.155900
0.033510 17.918790 -8.181460
5.203770 19.603910 -10.622970
13.323000 19.594340 -12.413420
19.594340 18.359220 -17.641130
11.321920 19.556040 -11.905970
11.704900 19.498590 -12.403840
19.527320 15.793240 -14.347480
19.594340 9.493180 -8.286780
19.575190 4.887810 1.345230
19.594340 3.442050 -1.306930
19.594340 -11.436810 -17.047500
19.594340 -19.594340 -19.421990
19.211360 -19.517740 -7.252730
10.900640 -19.594340 -2.226090
19.086880 -19.364550 1.287780
19.594340 -15.314510 8.037840
19.556040 -17.708150 7.942100
19.594340 -19.594340 4.227170
15.984730 -19.575190 4.476110
7.760180 -19.594340 4.208020
6.142080 -19.594340 3.595250
6.965490 -18.589010 4.073980
7.578260 -17.985810 5.050580
8.775080 -17.286870 5.261220
8.822960 -15.113440 5.242070
8.583590 -15.199610 5.682500
7.032510 -17.689000 5.529310
7.549540 -19.594340 5.251650
8.401680 -19.594340 5.577180
8.267630 -19.594340 6.343150
8.554870 -19.594340 7.233580
10.287870 -19.594340 8.363380
12.518740 -19.594340 9.186790
12.786830 -19.594340 10.709150
16.329410 -19.594340 8.708060
19.594340 -19.594340 4.169720
19.594340 -19.594340 3.078220
19.594340 -19.594340 2.829280
19.594340 -19.594340 0.617560
19.594340 -18.847520 -2.561200
19.594340 -12.566610 -4.016530
19.594340 -6.563360 -4.610150
19.594340 -1.488840 -5.519730
19.594340 6.362300 -8.076140
19.594340 13.188960 -9.780410
18.981560 17.258140 -8.009120
11.580430 16.856010 -6.946340
6.103780 17.775170 -9.627220
4.083550 19.603910 -11.609150
1.134590 19.603910 -7.539970
-1.431400 17.918790 -5.376120
-0.818620 13.246400 -7.204860
0.349470 10.230420 -6.774000
-0.789900 9.253810 -4.926110
-3.221840 9.407000 -4.045250
-5.127180 8.717640 -3.145240
-5.347390 7.434650 -1.910120
-5.175050 7.032510 -1.239910
-5.548460 7.262300 -1.029270
-5.998460 8.066570 -1.125010
-6.017610 8.191040 -0.799480
-5.998460 7.195280 -0.138830
-6.276120 6.582510 -0.081380
-6.678260 6.898470 0.071810
-6.754850 7.415500 0.483520
-6.668680 7.616560 0.416490
-6.793150 7.022940 -0.081380
-6.917620 6.381440 -0.301600
