-5.079300 8.554870 -0.157980
-4.495260 8.813380 -0.512240
-4.035680 9.272960 -0.598410
-3.892060 9.722970 -0.981390
-3.643120 9.780410 -1.335650
-3.135670 9.579350 -1.862250
-2.178210 9.186790 -2.532470
-1.096290 9.071900 -3.336730
-0.033510 10.354890 -4.591000
1.843100 15.975150 -7.348470
6.716550 19.603910 -9.675090
17.191120 19.594340 -17.373040
14.318750 19.603910 -19.402850
9.301690 19.603910 -18.589010
19.594340 19.603910 -17.325170
19.594340 19.603910 -7.013370
19.565620 19.575190 -3.576100
19.594340 3.844190 -18.914550
19.594340 -19.594340 -19.603910
19.594340 -19.594340 -12.700650
19.594340 -19.546470 -0.512240
19.594340 -19.594340 1.546290
19.594340 -19.594340 8.621890
19.594340 -19.594340 11.522980
19.594340 -19.594340 11.455960
17.353890 -19.594340 10.077230
8.114440 -19.594340 10.354890
11.752770 -19.594340 7.185710
13.705980 -19.067740 5.184620
13.744280 -17.564530 5.366540
12.758100 -16.712400 4.533550
12.738950 -17.162400 4.131420
11.647450 -16.607070 4.255890
11.130430 -15.362380 4.744190
13.859180 -18.426240 5.471860
10.555950 -19.594340 7.932520
6.008040 -18.330500 7.808050
12.288950 -19.431570 5.931440
13.974070 -19.594340 4.782490
12.269800 -19.594340 5.960160
15.850690 -19.594340 10.900640
18.818800 -19.594340 16.377290
19.489020 -19.594340 18.885820
19.594340 -19.594340 15.237910
19.594340 -19.594340 9.234660
19.594340 -19.594340 4.236740
19.594340 -17.258140 0.607980
19.594340 -11.676180 -3.537800
19.383700 -7.224010 -7.884650
16.463460 -7.051660 -5.002710
13.840030 -4.696320 -5.988890
14.031520 -2.254810 -7.597410
11.245320 2.293110 -9.148490
9.435730 6.908050 -8.669760
7.932520 9.646370 -6.936770
5.634630 8.957000 -4.361210
2.695240 8.047420 -3.528230
0.531390 8.526150 -4.160150
0.732450 8.727210 -3.930360
1.067560 7.855930 -1.603740
0.397340 6.410170 -0.665430
-1.335650 6.678260 0.215430
-3.288860 7.721880 -0.004790
-4.198450 6.774000 -0.205850
-4.610150 5.471860 -0.196280
-4.686750 5.347390 -0.387770
-4.935690 5.893140 0.110110
-5.806970 7.089960 1.144160
-6.860170 7.587840 1.565440
-7.386770 6.841020 1.728210
-7.405920 6.055910 0.971820
-7.214430 5.816550 0.378200
-7.281450 6.017610 0.560110
-7.377200 6.505910 0.943090
