-3.930360 7.597410 -0.943090
-3.738870 7.415500 -0.981390
-3.308010 6.927190 -0.943090
-2.666510 6.295270 -0.923950
-1.977150 5.672930 -0.847350
-1.335650 5.127180 -0.818620
-0.770750 4.523980 -0.722880
-0.071810 3.987800 -0.694160
0.627130 3.346310 -1.326080
0.990970 1.823950 -1.776080
1.201610 -0.435640 -1.814380
1.737780 -3.164390 -1.163310
2.312260 -6.027190 0.617560
2.293110 -8.621890 2.369700
1.507990 -10.335740 2.360130
0.205850 -10.938940 1.067560
-0.387770 -11.350640 0.263300
0.196280 -12.116610 0.866500
1.584590 -12.930440 2.685660
2.848430 -13.619810 3.480350
3.700570 -14.385780 3.260140
4.150570 -14.797480 2.829280
5.184620 -15.343230 2.513320
6.429320 -16.023030 2.704810
7.061240 -16.540050 4.083550
7.022940 -17.095380 4.725050
6.075060 -17.018780 4.093120
5.529310 -16.884740 3.863340
5.634630 -17.736870 4.255890
5.711230 -18.569860 5.194200
5.270800 -18.148580 5.462290
4.476110 -17.746450 4.897390
3.872910 -18.435820 4.150570
3.710140 -19.106030 4.236740
4.054830 -19.489020 4.906960
4.188870 -19.594340 5.366540
4.198450 -19.594340 5.184620
4.016530 -19.594340 4.629300
4.351640 -19.594340 4.811220
5.050580 -19.556040 5.491010
5.759100 -19.546470 5.759100
5.902720 -19.565620 5.242070
5.558030 -19.144330 4.629300
5.088880 -18.359220 4.619720
5.261220 -17.660280 4.658020
5.586760 -17.152820 4.303770
5.663350 -16.492180 3.777160
5.682500 -14.941100 3.078220
5.433560 -13.323000 2.589920
4.973980 -12.078310 2.752690
4.552700 -11.015530 3.126090
4.351640 -9.416580 2.647370
3.777160 -7.396350 1.421820
2.819710 -5.998460 0.081380
2.092040 -5.414410 -0.339900
2.130340 -4.619720 -0.110110
2.235660 -3.059070 -0.090960
1.584590 -0.971820 0.416490
0.368620 1.038840 1.364370
-5.098450 5.873990 3.202690
-5.108030 5.625050 2.896300
-5.299520 5.577180 2.676090
-5.529310 5.826120 2.762260
-5.548460 6.400590 2.953750
-5.404840 6.850600 2.781410
-5.423990 7.319750 2.676090
-5.443140 7.750610 2.369700
-5.605900 7.855930 2.427150
-5.759100 8.009120 2.503750
-5.749520 8.047420 2.723960
-5.462290 7.741030 2.570770
-5.299520 7.281450 2.178210
-5.404840 7.089960 1.977150
-5.491010 7.109110 1.977150
