1.057990 12.164480 -4.485680
2.159060 11.982560 -3.815460
3.135670 11.398510 -4.006950
3.240990 10.977230 -4.993130
2.934600 10.067650 -5.596330
3.097370 8.909130 -5.692080
3.844190 8.315510 -5.318670
4.954840 9.416580 -5.787820
5.739950 14.098540 -8.468700
5.988890 19.603910 -12.336820
7.702730 19.603910 -9.311260
16.492180 19.594340 1.507990
19.594340 19.603910 -6.630380
19.556040 19.603910 -12.116610
19.594340 19.603910 -15.247490
19.594340 19.603910 -16.894310
19.594340 19.603910 -19.603910
19.594340 19.603910 -19.584760
19.594340 18.215600 -19.603910
19.594340 -17.545380 -19.603910
19.594340 -16.492180 -19.603910
19.594340 3.011200 -19.402850
19.594340 -19.594340 -0.636710
19.594340 -19.594340 -13.457050
19.594340 -15.343230 -16.434730
19.594340 -19.268800 -19.603910
19.594340 -19.594340 -19.594340
19.594340 -19.575190 -18.282620
19.594340 -19.594340 -18.244330
19.594340 -19.594340 -18.301770
18.818800 -19.594340 -17.191120
18.215600 -19.594340 -13.696410
18.818800 -19.594340 -12.480440
19.594340 -19.383700 -14.041090
19.594340 -17.143250 -13.638960
19.594340 -12.566610 -12.011290
19.594340 -10.613400 -13.188960
19.594340 -12.336820 -16.176220
19.594340 -14.673010 -17.277290
19.594340 -13.342150 -14.701740
19.594340 -10.316590 -13.370870
19.594340 -13.935770 -14.902800
19.594340 -14.998550 -15.544300
19.594340 -10.709150 -13.773010
19.594340 -7.243150 -11.388940
19.594340 -4.782490 -9.732540
19.594340 -8.056990 -12.365540
19.594340 -7.865500 -14.605990
19.594340 -3.078220 -12.643210
19.594340 -0.990970 -11.542130
19.594340 -4.811220 -12.604910
19.594340 -6.639960 -13.121940
19.594340 -1.929270 -12.317670
19.374120 2.159060 -10.824040
16.607070 4.600580 -9.282540
12.633630 5.634630 -7.855930
10.421910 6.841020 -8.439980
11.590010 7.156980 -8.449550
9.732540 6.659110 -9.148490
6.237830 12.403840 -10.307010
6.793150 18.186880 -9.263390
4.428230 19.603910 -5.692080
0.550540 19.460290 -5.538880
3.030350 17.937940 -10.297440
4.255890 14.835780 -11.771920
1.259050 15.352810 -8.736790
1.670760 14.500670 -6.046330
0.646280 12.432570 -4.772920
-1.316500 11.408090 -4.361210
-2.685660 11.724050 -4.255890
-3.059070 11.417660 -2.752690
-2.331410 9.876160 -1.622890
-2.465450 8.966580 -1.354800
-3.269710 8.612320 -1.948420
