-1.105860 6.802730 -2.321830
-0.684580 6.180380 -1.766510
-0.081380 5.778250 -1.546290
0.253730 5.510160 -1.383520
0.454790 4.945260 -1.153730
0.579260 4.188870 -1.440970
0.665430 3.509080 -2.082470
0.713300 2.714390 -2.427150
0.751600 1.373950 -2.551620
1.125010 -0.493090 -1.938850
2.120770 -2.551620 -0.742030
3.288860 -4.035680 0.253730
3.949510 -4.610150 0.004790
3.796310 -5.031430 -0.579260
3.556950 -6.793150 -0.473940
4.629300 -11.168730 0.636710
6.611230 -15.707070 1.776080
7.099540 -16.865590 2.130340
6.467620 -17.411340 3.154820
6.333570 -19.556040 4.782490
6.371870 -19.594340 4.188870
4.897390 -19.594340 3.710140
3.748440 -19.594340 5.864420
4.887810 -19.594340 9.426150
5.663350 -19.594340 10.115520
3.959080 -19.594340 9.387860
2.522900 -19.594340 9.713390
2.369700 -19.594340 10.153820
2.455870 -19.594340 9.799560
3.164390 -19.594340 8.957000
4.236740 -19.594340 8.124010
5.184620 -19.594340 7.166560
6.218680 -19.594340 5.969740
7.042090 -19.594340 4.744190
7.616560 -19.134760 4.313340
8.152740 -16.626230 4.275040
7.942100 -14.404930 3.260140
7.051660 -12.585760 2.235660
5.969740 -11.005960 1.469690
5.567610 -9.588920 0.789900
5.538880 -7.425070 0.397340
5.423990 -4.887810 -0.023940
4.983560 -2.810130 -0.397340
4.275040 -1.134590 -0.052660
3.470780 0.004790 0.799480
3.011200 0.646280 0.770750
2.551620 1.029270 0.186700
1.958000 1.469690 -0.368620
1.086710 2.053740 -1.326080
0.023940 2.484600 -2.321830
-0.607980 2.867580 -2.992050
-0.282450 3.614400 -3.336730
0.627130 5.184620 -3.614400
1.268630 7.128260 -3.556950
1.402670 8.698490 -3.422910
0.703730 9.809140 -3.719720
-0.646280 10.938940 -3.968660
-1.814380 12.145330 -3.173970
-1.967570 13.112360 -2.455870
-1.517570 14.443220 -1.823950
-1.211180 15.640040 -1.268630
-1.517570 15.343230 -1.182460
-2.159060 14.548550 -1.019690
-2.637790 13.878330 -0.454790
-2.790980 12.767680 0.157980
-2.867580 11.685750 0.090960
-3.020770 10.910210 0.157980
-3.039920 10.307010 0.426070
-3.298440 10.766590 0.607980
-3.987800 11.532560 1.134590
-4.543130 12.652780 1.756930
-3.595250 12.643210 1.766510
-1.996300 9.588920 3.049500
-1.555870 5.165480 4.102700
