-4.935690 8.842110 0.550540
-4.801640 8.755940 0.502660
-4.437810 8.803810 0.397340
-3.882480 8.918700 0.263300
-3.336730 8.822960 0.081380
-2.944180 8.803810 0.062230
-2.972900 10.555950 -0.828200
-2.752690 14.577270 -4.476110
-0.885650 19.603910 -9.215510
4.006950 19.603910 -14.213440
12.537890 19.594340 -15.515580
19.594340 19.603910 -17.909220
19.594340 19.603910 -19.603910
19.584760 19.603910 -19.536890
19.594340 19.603910 -18.981560
19.594340 19.603910 -14.740040
19.594340 19.603910 -9.971900
19.594340 16.243240 -15.084720
19.594340 -15.611320 -19.603910
19.594340 -19.594340 -19.594340
19.594340 -19.441140 -16.741120
19.594340 -19.594340 -11.724050
19.594340 -19.594340 -1.766510
19.594340 -19.594340 6.525060
19.594340 -19.594340 8.133590
19.594340 -19.594340 5.577180
19.594340 -19.594340 1.900550
18.981560 -19.594340 3.288860
13.217680 -19.594340 3.240990
14.529390 -19.594340 4.179300
15.956000 -16.358140 6.228250
13.600660 -10.220840 6.955920
13.121940 -10.067650 5.644200
12.059160 -13.380450 5.002710
9.550620 -14.625140 3.614400
10.048500 -15.257060 3.346310
11.207020 -14.088960 3.106940
11.522980 -12.490010 3.413330
11.695330 -12.892150 3.403760
11.628300 -15.506000 2.417580
11.360220 -19.249650 2.503750
11.513410 -19.594340 5.050580
13.150660 -19.584760 7.061240
13.945350 -19.594340 10.469780
16.664520 -19.594340 11.168730
19.594340 -19.594340 9.770840
19.594340 -19.594340 8.899550
19.594340 -19.594340 7.606990
19.594340 -19.594340 5.299520
19.594340 -19.594340 3.413330
19.594340 -19.594340 1.881400
19.594340 -18.139010 0.119680
19.594340 -11.331490 -3.173970
19.594340 -5.634630 -7.559120
19.594340 -2.369700 -10.460210
19.594340 3.499500 -11.666600
19.594340 9.703820 -11.197450
19.527320 14.079390 -9.895310
16.137920 14.175140 -9.799560
11.628300 13.007040 -10.737870
9.349560 12.566610 -10.421910
7.291030 13.102790 -9.579350
5.088880 13.102790 -8.966580
2.379280 12.662360 -7.396350
-0.052660 12.164480 -5.433560
-0.770750 11.025110 -3.662270
-0.780330 10.498510 -3.039920
-1.670760 10.690000 -3.240990
-3.336730 12.116610 -2.829280
-4.504830 12.221930 -0.598410
-4.744190 11.599580 -0.177130
-4.792070 12.288950 -1.440970
-4.035680 13.131510 -0.684580
-2.896300 13.208110 0.799480
