-2.436730 11.752770 -6.046330
-3.030350 13.935770 -6.879320
-3.566520 16.453880 -7.539970
-3.844190 17.239000 -7.061240
-3.815460 18.004960 -7.195280
-3.020770 18.646460 -8.803810
-2.206940 18.320920 -9.675090
-1.728210 17.612400 -8.947430
-0.282450 16.166640 -7.961250
2.015450 14.586840 -9.244240
4.016530 12.633630 -10.010200
6.477190 11.532560 -10.527230
11.120850 12.221930 -9.588920
16.913460 16.434730 -11.934690
19.594340 11.838940 -18.282620
19.575190 10.776170 -10.622970
19.594340 0.000000 -15.132590
19.594340 -1.163310 -18.914550
19.594340 -5.701650 -19.603910
19.594340 -18.493260 -19.067740
19.594340 -19.594340 -10.517650
19.594340 -16.377290 -2.522900
19.594340 -14.854930 -3.470780
19.594340 -17.440060 -5.328240
19.594340 -18.081560 -7.645290
19.594340 -19.594340 -10.584680
19.594340 -19.594340 -12.231500
19.594340 -19.594340 -11.475110
19.307100 -19.594340 -10.488930
17.162400 -19.594340 -9.043170
16.530480 -19.594340 -6.237830
17.602830 -19.594340 -5.146330
18.024110 -19.594340 -5.443140
18.273050 -19.594340 -6.592080
18.378370 -17.689000 -6.639960
19.163480 -15.151740 -6.687830
19.575190 -14.854930 -7.788900
19.556040 -14.357050 -8.401680
19.575190 -12.959170 -7.702730
19.067740 -9.914460 -6.965490
18.847520 -8.124010 -6.649530
18.129430 -9.349560 -7.329330
18.024110 -9.895310 -7.626140
17.296440 -8.315510 -7.109110
15.601750 -5.098450 -6.151650
13.351730 -3.614400 -3.700570
10.833610 -4.217590 -2.762260
9.742120 -4.504830 -3.135670
8.976150 -4.160150 -3.968660
8.420830 -3.882480 -4.160150
6.783580 -4.409090 -3.154820
5.146330 -3.509080 -2.350550
4.916540 -2.388850 -2.436730
4.725050 -2.752690 -2.273960
4.552700 -2.408000 -2.848430
3.968660 0.225000 -2.886730
2.465450 2.360130 -1.756930
1.440970 -1.785660 0.138830
0.215430 -2.254810 -1.259050
0.684580 0.828200 -1.134590
0.311170 4.897390 -1.172880
1.603740 7.013370 1.402670
1.373950 9.225090 2.350550
-1.919700 15.841110 4.523980
-2.819710 15.065570 1.335650
-5.510160 15.142170 -1.354800
-7.654860 18.416670 1.517570
-6.927190 16.798570 3.279290
-4.255890 15.716640 2.120770
-1.862250 15.065570 1.192030
-0.981390 14.548550 -0.014360
-1.843100 13.907050 0.856920
-3.308010 11.609150 1.498420
-4.715470 9.857010 0.531390
