-0.588840 14.021940 -6.027190
-0.598410 16.540050 -6.333570
-0.684580 18.914550 -6.802730
-0.234580 18.301770 -6.841020
0.914370 17.851770 -7.501670
2.226090 19.603910 -10.144250
2.111190 19.603910 -11.350640
1.718630 19.603910 -11.130430
4.552700 19.603910 -12.260220
11.331490 19.603910 -15.553870
19.594340 18.924120 -13.255980
19.594340 12.652780 -19.489020
19.575190 17.851770 -19.603910
19.594340 10.680420 -19.584760
19.594340 -14.883650 -19.603910
19.594340 -14.749610 -18.684750
19.594340 -12.700650 -11.245320
19.594340 -18.876250 -11.781500
19.594340 -19.594340 -11.570860
19.594340 -17.650700 -8.928280
19.594340 -13.121940 -10.125100
19.594340 -19.594340 -12.547460
19.594340 -19.594340 -12.336820
19.594340 -19.575190 -10.479360
19.594340 -19.594340 -10.125100
19.326250 -19.594340 -8.114440
16.721970 -19.594340 -8.104870
17.286870 -19.594340 -7.013370
15.620900 -19.594340 -6.955920
14.969830 -19.594340 -5.280370
16.597500 -19.594340 -5.069730
17.286870 -19.594340 -6.113360
17.171970 -19.594340 -7.731460
18.263470 -19.594340 -8.593170
19.201780 -19.383700 -8.478270
19.594340 -18.282620 -8.516570
19.594340 -16.894310 -8.277210
19.594340 -15.429400 -8.755940
19.594340 -13.093210 -9.196370
19.594340 -9.962330 -8.650620
19.489020 -8.066570 -8.277210
16.903890 -8.392100 -6.927190
14.366630 -6.850600 -6.237830
14.155990 -5.328240 -6.563360
14.175140 -5.615480 -6.879320
12.298520 -5.883570 -7.013370
10.785740 -1.996300 -6.113360
9.100620 -0.119680 -5.012280
7.645290 0.598410 -3.959080
6.534640 1.239910 -3.882480
6.256970 2.168640 -3.288860
5.625050 1.747360 -3.030350
3.547370 1.326080 -3.039920
1.632460 3.700570 -3.959080
2.254810 4.447380 -4.294190
2.053740 6.218680 -3.690990
0.799480 10.527230 -4.313340
0.483520 13.141090 -3.729290
-2.618640 15.525150 -3.116520
-5.586760 14.605990 -2.005870
-6.189950 15.036850 -2.446300
-2.666510 7.961250 -1.431400
-2.398430 7.281450 -0.866500
-2.465450 7.721880 -0.540960
-2.953750 9.062320 -0.598410
-3.183540 10.259140 -1.326080
-3.240990 9.780410 -1.144160
-3.470780 9.512330 -0.923950
-3.911210 10.450630 -0.751600
-4.198450 11.187870 -0.761180
-4.179300 10.680420 -0.847350
-4.275040 9.292110 -0.454790
-4.514410 8.248480 0.186700
-4.763340 8.679340 0.205850
