-6.927190 7.434650 -0.818620
-6.879320 8.468700 -1.067560
-6.879320 9.024020 -0.914370
-6.400590 8.957000 -1.182460
-5.902720 8.698490 -1.709060
-5.682500 9.426150 -2.733540
-5.309090 11.149580 -3.576100
-3.997380 13.830450 -4.897390
-1.986720 19.039010 -8.775080
4.342060 19.603910 -11.331490
18.627310 19.584760 -16.808140
15.601750 19.603910 -17.076230
11.733620 19.603910 -19.450720
19.594340 19.603910 -19.603910
19.584760 19.603910 -18.847520
19.584760 19.584760 -14.625140
19.594340 16.903890 -9.952760
19.594340 0.301600 -15.735790
19.594340 -19.594340 -19.603910
19.594340 -19.594340 -15.199610
12.135760 -19.546470 -2.848430
19.594340 -19.594340 2.197360
19.594340 -17.976240 16.281540
19.575190 -19.297530 18.780500
16.338990 -19.594340 9.110190
8.621890 -19.584760 5.031430
9.933610 -19.594340 5.567610
6.994220 -19.326250 5.711230
8.564440 -16.348560 7.836780
9.110190 -14.548550 7.922950
8.459130 -16.300690 6.678260
7.128260 -19.297530 6.534640
6.706980 -19.374120 5.873990
7.616560 -18.330500 5.289940
6.410170 -18.043260 6.075060
6.544210 -19.536890 6.553790
9.789990 -19.594340 6.927190
10.307010 -19.594340 9.828290
10.019780 -19.594340 12.959170
11.360220 -19.594340 14.759190
14.347480 -19.594340 15.199610
19.594340 -19.594340 12.011290
19.594340 -19.594340 10.010200
19.584760 -19.594340 9.397430
19.594340 -19.594340 6.295270
19.594340 -19.594340 0.052660
19.594340 -19.594340 -5.462290
19.594340 -18.311350 -9.809140
19.594340 -2.790980 -14.242160
19.594340 16.894310 -16.587930
19.594340 19.603910 -16.616650
19.460290 19.536890 -10.565530
16.061330 19.603910 -9.713390
11.140000 19.603910 -12.059160
7.961250 19.603910 -12.604910
5.050580 19.192210 -10.019780
1.565440 18.713480 -6.218680
-1.527140 16.645370 -4.753770
-2.695240 13.179380 -3.901630
-1.977150 10.460210 -3.633550
-1.756930 9.359130 -3.317590
-2.542050 9.474030 -1.632460
-4.265470 10.584680 -0.292020
-5.883570 10.967660 0.847350
-6.525060 10.316590 1.479270
-6.458040 9.426150 1.335650
-6.094210 8.765510 1.192030
-5.864420 8.449550 0.847350
-5.577180 7.702730 0.703730
-5.749520 7.252730 0.387770
-6.094210 7.233580 0.004790
-6.256970 7.377200 0.272870
-5.941020 7.003790 0.196280
-5.768670 6.352720 0.100530
