-1.287780 0.311170 0.090960
0.933520 -0.244150 0.426070
1.948420 -0.732450 1.010120
0.971820 -1.259050 0.636710
0.483520 -0.588840 -0.387770
1.967570 1.182460 -0.339900
3.556950 2.379280 -0.186700
5.356970 2.159060 0.014360
6.955920 1.172880 -1.632460
9.387860 1.881400 -2.599490
10.345310 4.715470 -4.878240
11.704900 7.741030 -5.356970
19.594340 -4.150570 -6.544210
19.431570 1.594160 -9.885730
19.058160 0.895220 -8.238910
19.594340 -2.293110 -8.449550
19.594340 -2.283530 -10.450630
19.594340 -3.087800 -9.550620
19.594340 -4.332490 -9.215510
19.594340 -6.496340 -8.889980
19.594340 -8.238910 -8.612320
19.594340 -9.014450 -7.721880
19.594340 -9.684670 -6.295270
19.594340 -11.791070 -6.103780
19.594340 -13.591090 -6.075060
19.594340 -12.892150 -4.686750
19.594340 -14.136840 -3.643120
19.594340 -17.478360 -4.150570
18.837950 -17.459210 -3.786740
17.191120 -15.362380 -2.743110
16.329410 -13.677260 -2.331410
15.678340 -13.294280 -2.905880
15.017700 -13.026190 -3.796310
14.596420 -11.513410 -4.006950
14.586840 -10.278290 -3.805890
14.921950 -8.449550 -4.083550
15.448550 -6.908050 -4.533550
15.477280 -5.883570 -5.098450
15.908130 -6.324000 -4.753770
15.640040 -6.639960 -4.600580
16.377290 -7.089960 -4.897390
16.865590 -7.597410 -5.356970
17.009210 -7.674010 -5.529310
17.708150 -7.444220 -5.778250
17.756020 -7.338900 -5.730370
17.832620 -7.769760 -5.625050
18.589010 -9.330410 -5.988890
19.594340 -11.436810 -7.166560
19.594340 -12.126180 -8.018690
19.594340 -12.375120 -7.808050
19.594340 -11.800650 -6.898470
19.594340 -9.732540 -5.950590
19.594340 -8.976150 -5.883570
19.508170 -8.842110 -6.027190
18.397520 -8.688910 -6.841020
18.225180 -9.837860 -7.405920
16.109200 -9.196370 -7.511240
15.515580 -6.831450 -6.764430
14.385780 -5.203770 -5.739950
12.949590 -4.686750 -4.763340
11.685750 -4.361210 -4.102700
9.646370 -4.591000 -4.380360
8.277210 -3.949510 -4.275040
7.204860 -2.647370 -1.986720
5.433560 -1.239910 -0.828200
4.964410 -0.665430 -0.033510
3.413330 -2.388850 0.043090
1.986720 -3.327160 1.067560
1.086710 -1.709060 1.373950
1.948420 0.282450 1.642040
1.814380 -0.004790 1.297350
0.129260 0.330320 0.320750
-0.445220 1.239910 -0.282450
-0.761180 1.699480 -0.234580
