-1.297350 8.717640 -2.235660
-0.971820 7.999550 -2.360130
-0.722880 7.377200 -2.475020
-0.426070 6.927190 -2.580340
-0.023940 6.314420 -2.398430
0.531390 5.395260 -2.139910
1.201610 4.523980 -2.149490
1.776080 3.537800 -2.111190
2.216510 2.331410 -2.273960
2.522900 1.249480 -2.848430
2.992050 0.033510 -2.599490
3.882480 -1.651610 -1.814380
5.414410 -3.700570 -1.488840
6.324000 -5.567610 -1.488840
5.921870 -7.731460 -0.445220
5.873990 -11.733620 1.067560
7.597410 -16.540050 -0.014360
7.989970 -16.549630 -2.168640
6.209100 -14.596420 -1.728210
6.084630 -16.070900 0.607980
6.639960 -18.253900 1.239910
5.969740 -18.617730 0.033510
5.165480 -19.182630 0.186700
5.912290 -19.594340 1.776080
7.539970 -19.594340 3.537800
7.367620 -19.594340 2.925030
5.481440 -19.594340 2.178210
4.179300 -19.594340 2.522900
4.658020 -19.594340 4.830370
6.065480 -19.594340 6.343150
5.730370 -19.594340 5.385690
4.275040 -19.594340 4.447380
4.045250 -19.594340 4.322910
5.108030 -19.594340 4.485680
6.151650 -19.594340 4.725050
6.400590 -19.594340 4.313340
6.477190 -19.594340 3.777160
7.109110 -19.594340 3.145240
7.712310 -19.594340 2.101620
7.903800 -19.594340 1.507990
8.200610 -19.173060 1.182460
8.200610 -17.440060 1.450550
7.961250 -15.515580 1.354800
7.578260 -13.524070 0.885650
7.051660 -11.618730 0.292020
6.754850 -9.646370 -0.023940
6.678260 -7.348470 0.244150
6.505910 -5.625050 0.665430
6.094210 -4.954840 0.531390
5.328240 -4.313340 0.062230
4.514410 -3.413330 -0.560110
3.681420 -2.465450 -1.125010
3.403760 -1.823950 -1.728210
3.384610 -0.560110 -1.881400
3.126090 1.105860 -0.923950
2.771840 2.436730 0.732450
2.417580 3.355880 0.560110
1.153730 4.361210 -1.048410
-0.818620 5.433560 -2.340980
-2.082470 6.094210 -3.126090
-1.843100 6.122930 -2.992050
-0.502660 6.161230 -2.542050
0.359050 7.386770 -3.059070
-0.253730 9.924030 -3.844190
-1.000540 10.594250 -4.332490
-1.421820 10.594250 -4.437810
-1.565440 11.609150 -4.150570
-1.919700 13.054910 -4.313340
-2.714390 14.223010 -4.571850
-2.963330 14.605990 -4.303770
-2.149490 13.983640 -2.992050
-1.287780 13.466620 -1.890980
-1.718630 13.227250 -0.780330
-3.078220 13.399600 -0.416490
