-7.913370 -1.278200 2.982480
-7.693160 -0.550540 2.972900
-7.674010 0.799480 2.992050
-6.429320 1.201610 3.308010
-4.954840 1.268630 2.714390
-2.570770 1.862250 2.111190
-0.981390 5.979310 -1.871830
-6.582510 18.320920 -9.454880
-1.603740 19.603910 -0.167550
7.903800 19.556040 -0.837770
6.199530 19.603910 -3.442050
9.512330 19.603910 -12.834700
14.462370 19.603910 -15.649620
17.803900 19.603910 -12.183630
19.594340 14.328330 -6.084630
19.575190 15.123020 -1.144160
19.594340 11.455960 -3.212260
19.594340 -16.693250 -7.932520
19.594340 -19.594340 -6.716550
17.535810 -19.489020 5.711230
7.300600 -19.594340 -1.929270
11.484690 -19.594340 -2.925030
15.304930 -19.594340 4.093120
18.119860 -16.999630 8.171890
15.745360 -12.767680 0.943090
18.148580 -19.460290 0.272870
11.341070 -19.594340 -0.885650
8.947430 -19.575190 -1.718630
8.650620 -18.349650 -0.157980
7.932520 -14.912380 2.005870
9.541050 -12.825120 3.413330
10.565530 -11.235750 4.782490
9.703820 -9.675090 3.614400
9.387860 -12.327250 1.479270
9.665520 -17.803900 -0.215430
9.857010 -19.594340 -1.823950
9.608070 -19.575190 0.263300
9.407000 -19.594340 4.485680
11.465540 -19.594340 4.418660
13.715560 -19.594340 3.499500
15.065570 -19.594340 5.481440
16.607070 -19.594340 5.720800
19.594340 -19.594340 5.462290
19.594340 -19.594340 3.585670
19.594340 -19.594340 1.345230
19.594340 -19.584760 4.801640
19.594340 -16.788990 2.264380
19.594340 -13.696410 -2.599490
19.594340 -11.618730 -5.720800
19.594340 -6.592080 -9.521900
19.594340 0.904800 -9.330410
19.402850 14.538970 -10.929360
15.783660 19.211360 -5.826120
12.461290 14.701740 -5.146330
13.016610 11.034680 -10.230420
10.919790 16.492180 -11.522980
3.844190 19.603910 -8.516570
-2.848430 15.869830 -4.093120
-1.498420 11.436810 -5.376120
-0.157980 10.498510 -5.041010
-1.316500 9.282540 -4.208020
-1.919700 6.860170 -1.958000
-2.858010 6.285700 -0.646280
-4.677170 8.076140 -0.033510
-6.620810 9.914460 0.387770
-7.051660 9.531480 0.837770
-6.716550 8.631470 0.090960
-6.189950 8.372950 -1.057990
-6.802730 7.674010 -0.809050
-7.367620 6.984640 0.138830
-7.415500 7.587840 0.205850
-7.338900 7.894220 0.014360
-6.879320 7.492090 -0.454790
-6.419740 7.013370 -1.239910
