-2.312260 7.606990 -0.732450
-1.440970 6.304850 0.627130
-0.196280 6.391020 1.958000
0.742030 5.902720 1.728210
0.943090 4.581430 1.125010
1.239910 3.288860 1.651610
1.373950 3.537800 0.856920
1.594160 5.175050 0.856920
0.761180 4.782490 -0.713300
-0.196280 1.536720 -3.537800
2.034590 -1.067560 -4.648450
8.200610 -1.603740 -1.431400
10.316590 1.699480 -1.584590
10.125100 1.412250 -3.949510
12.269800 -1.670760 -3.882480
14.452800 -1.096290 -5.251650
16.817710 0.205850 -5.309090
18.407090 -2.628220 -6.036760
19.594340 -17.171970 -7.539970
18.531560 -19.594340 -6.448470
15.860260 -19.594340 -5.605900
15.774090 -19.393270 -4.571850
15.841110 -19.163480 -4.523980
14.280460 -19.594340 -5.644200
12.662360 -19.594340 -6.017610
12.183630 -18.560290 -5.558030
13.926200 -14.979400 -4.581430
14.969830 -12.652780 -4.686750
14.701740 -11.915540 -5.232500
14.864500 -11.733620 -5.845270
15.515580 -11.245320 -6.161230
15.946430 -10.029350 -6.113360
16.099620 -10.402760 -5.912290
16.367710 -11.676180 -6.285700
16.329410 -12.633630 -7.271880
16.511330 -12.901720 -7.597410
17.353890 -12.633630 -7.482520
18.244330 -12.700650 -7.549540
18.359220 -12.107030 -7.760180
18.378370 -11.551710 -7.808050
18.139010 -10.661270 -7.989970
17.679430 -9.665520 -8.162310
16.836860 -8.650620 -7.827200
15.304930 -7.463370 -7.204860
14.031520 -6.745280 -6.821870
12.174050 -6.180380 -6.218680
10.345310 -5.280370 -5.806970
8.813380 -5.318670 -4.954840
7.348470 -4.964410 -4.437810
5.941020 -4.284620 -3.480350
4.476110 -3.777160 -2.436730
3.566520 -3.365460 -1.766510
2.637790 -3.279290 -1.163310
1.785660 -3.202690 -0.837770
1.000540 -3.614400 -0.684580
0.244150 -4.006950 -0.406920
-0.129260 -2.963330 0.100530
-0.502660 -2.053740 0.761180
-1.642040 -2.350550 1.938850
-2.676090 -2.005870 2.503750
-3.509080 -0.847350 2.369700
-4.792070 -0.033510 0.665430
-5.289940 1.163310 -0.234580
-4.370790 1.728210 0.770750
-3.183540 2.025020 2.714390
-1.431400 1.699480 3.978230
-1.010120 1.125010 2.848430
-2.561200 1.488840 1.057990
-3.614400 3.020770 0.560110
-2.465450 5.012280 0.550540
-3.231410 10.038930 0.598410
-3.106940 15.199610 2.015450
-4.428230 17.679430 3.202690
-5.069730 15.056000 2.589920
