-2.408000 4.504830 1.546290
-1.919700 3.509080 1.507990
-2.455870 2.752690 1.632460
-2.704810 2.139910 2.551620
-1.929270 2.398430 3.164390
-0.981390 2.216510 2.589920
-0.445220 0.876070 1.077140
-0.004790 0.962240 -1.479270
-0.406920 1.230330 -3.298440
-0.167550 -1.153730 -3.892060
1.852680 -4.294190 -3.375030
4.246320 -5.060160 -2.455870
5.155900 -3.796310 -1.871830
6.027190 -1.287780 -3.202690
10.239990 -3.442050 -6.036760
16.597500 -10.938940 -8.822960
19.594340 -18.694330 -10.402760
17.114530 -19.594340 -9.062320
12.413420 -19.565620 -6.285700
10.527230 -19.594340 -3.403760
11.254900 -19.594340 -1.603740
9.904880 -19.594340 -2.178210
8.985730 -19.594340 -2.800560
10.508080 -19.594340 -3.489930
9.521900 -19.594340 -5.529310
6.774000 -19.594340 -6.639960
5.232500 -19.594340 -5.605900
5.711230 -19.594340 -4.485680
6.946340 -19.594340 -4.514410
7.224010 -19.594340 -5.356970
7.626140 -19.594340 -5.739950
8.124010 -19.575190 -5.404840
8.535720 -18.560290 -4.954840
8.564440 -16.932610 -5.088880
8.516570 -15.793240 -5.060160
7.808050 -14.538970 -5.098450
6.955920 -14.021940 -5.701650
6.984640 -13.849600 -5.730370
7.444220 -12.873000 -5.577180
7.559120 -12.288950 -4.734620
6.965490 -11.810220 -4.820790
6.783580 -11.015530 -4.686750
6.735700 -9.703820 -3.987800
6.352720 -8.420830 -3.308010
5.491010 -8.114440 -2.503750
4.447380 -7.798480 -1.747360
3.499500 -6.534640 -1.287780
2.580340 -5.079300 -0.943090
1.594160 -4.370790 -0.071810
0.847350 -4.121850 0.789900
0.627130 -3.700570 1.249480
-0.110110 -2.647370 0.818620
-0.981390 -1.632460 -0.004790
-1.067560 -1.134590 0.818620
-1.239910 -0.062230 1.412250
-2.034590 0.971820 1.364370
-2.752690 1.996300 1.326080
-2.551620 3.882480 1.440970
-2.628220 6.544210 1.393100
-3.623970 8.583590 1.498420
-4.332490 9.397430 1.680340
-4.447380 8.602740 1.498420
-3.930360 7.463370 1.804800
-3.882480 7.204860 1.986720
-4.830370 7.386770 1.871830
-4.753770 7.568690 2.408000
-4.255890 8.037840 2.886730
-4.600580 8.468700 3.126090
-5.270800 8.028270 3.145240
-5.883570 7.252730 2.896300
-5.864420 6.592080 3.202690
-5.558030 6.371870 4.016530
-5.826120 5.902720 4.514410
-6.103780 5.519730 4.552700
