-2.072890 2.618640 0.943090
-1.067560 1.804800 0.110110
-0.809050 1.115440 0.339900
-2.685660 -0.378200 2.771840
-4.859090 -0.445220 1.900550
-2.848430 -0.157980 0.119680
-0.636710 0.426070 -2.168640
-0.531390 0.416490 -2.063320
-0.129260 -0.962240 -0.454790
2.025020 -1.890980 -1.153730
2.465450 -1.125010 -2.925030
3.556950 -0.809050 -1.546290
7.922950 -1.278200 1.259050
11.245320 -2.656940 -0.062230
11.982560 -4.102700 -3.518650
13.792150 -4.973980 -3.949510
15.103870 -6.802730 -1.804800
13.102790 -8.966580 -2.800560
11.341070 -10.383610 -3.719720
11.245320 -11.149580 -4.648450
12.432570 -13.954920 -6.170800
12.260220 -17.526230 -7.894220
11.503840 -18.512410 -8.248480
10.929360 -17.842190 -8.803810
10.910210 -18.550710 -7.176130
10.613400 -16.817710 -6.419740
11.743200 -15.467700 -5.663350
11.752770 -17.478360 -5.759100
10.814470 -19.594340 -7.262300
9.646370 -19.594340 -6.812300
8.995300 -18.847520 -5.941020
9.282540 -17.133680 -4.916540
9.617650 -16.951760 -5.155900
10.077230 -17.258140 -5.797400
9.339980 -18.129430 -6.036760
8.468700 -19.546470 -5.634630
8.679340 -19.192210 -5.548460
9.397430 -16.683670 -5.941020
10.239990 -15.754940 -5.739950
9.991050 -16.013450 -5.577180
9.541050 -16.080470 -6.103780
9.914460 -16.453880 -6.209100
10.297440 -14.778330 -6.352720
10.575100 -13.801730 -5.050580
10.421910 -14.251730 -3.777160
9.684670 -15.391110 -4.313340
9.694240 -16.434730 -5.653780
9.885730 -15.994300 -5.462290
9.847440 -14.711310 -4.715470
9.091040 -15.783660 -3.863340
8.966580 -15.544300 -4.581430
8.947430 -14.108110 -5.127180
9.454880 -12.528310 -3.690990
8.688910 -12.394270 -3.413330
7.415500 -13.619810 -4.064400
7.099540 -13.083640 -6.189950
8.708060 -10.967660 -5.261220
9.483600 -7.233580 -1.469690
6.266550 -7.568690 -1.575020
5.481440 -8.028270 -2.609070
5.625050 -7.999550 -3.576100
5.921870 -7.683580 -3.604820
5.462290 -5.998460 -1.230330
3.748440 -3.930360 0.263300
2.877160 -2.072890 -0.292020
3.375030 -1.383520 -0.933520
2.982480 -5.873990 -1.996300
3.078220 -4.820790 -2.695240
2.982480 -0.196280 -1.948420
1.555870 2.561200 -0.770750
1.440970 2.369700 1.431400
1.785660 1.871830 3.729290
-0.521810 0.454790 1.096290
-2.676090 0.359050 -2.503750
