-2.781410 7.645290 0.071810
-2.513320 7.741030 -0.464370
-2.551620 7.013370 -0.809050
-2.609070 5.969740 -0.971820
-2.340980 4.696320 -0.809050
-1.507990 3.240990 0.129260
-0.406920 2.025020 0.521810
0.435640 0.770750 0.454790
0.971820 -0.119680 -0.598410
1.306930 -0.981390 -1.316500
1.594160 -2.656940 0.119680
2.254810 -5.165480 1.086710
3.499500 -7.798480 1.057990
4.658020 -9.464450 0.339900
5.203770 -10.910210 0.100530
5.318670 -12.451720 0.569690
5.356970 -13.188960 2.092040
5.730370 -13.686830 2.790980
5.730370 -15.295360 2.063320
5.309090 -17.104950 0.856920
5.012280 -17.487930 1.890980
5.835700 -17.057080 4.945260
6.505910 -16.750690 5.108030
6.333570 -17.497510 4.380360
5.759100 -18.177300 3.882480
5.692080 -17.430490 3.997380
5.893140 -16.243240 4.954840
5.979310 -16.788990 5.251650
5.510160 -17.928360 4.887810
4.993130 -17.440060 4.332490
4.830370 -16.482600 4.227170
4.887810 -16.185790 4.284620
4.849520 -16.348560 4.217590
4.744190 -16.779420 4.265470
4.954840 -17.325170 4.523980
5.423990 -17.583680 4.954840
5.692080 -17.794320 4.839940
5.376120 -18.139010 4.820790
5.127180 -18.445390 4.945260
5.366540 -19.163480 4.983560
5.835700 -19.594340 5.376120
6.247400 -19.594340 5.079300
6.572940 -19.594340 4.485680
6.774000 -19.594340 4.093120
6.793150 -19.067740 3.566520
6.563360 -17.918790 2.810130
6.218680 -16.319840 2.455870
5.644200 -14.337900 2.972900
5.165480 -13.169810 3.346310
4.571850 -12.710230 2.790980
4.073980 -12.288950 1.967570
3.738870 -11.140000 1.737780
3.834610 -9.828290 1.680340
4.006950 -8.497420 1.862250
4.227170 -7.310180 2.226090
4.533550 -6.400590 1.890980
4.523980 -5.548460 0.722880
4.112270 -4.619720 -0.081380
3.758010 -3.623970 -0.579260
3.614400 -2.340980 -0.933520
3.643120 -0.990970 -0.962240
3.662270 0.062230 -1.345230
2.944180 1.029270 -2.159060
1.776080 1.642040 -3.394180
0.780330 1.766510 -3.939930
0.129260 3.365460 -3.422910
-0.359050 6.879320 -2.101620
-1.144160 10.192120 -1.709060
-2.570770 10.412330 -3.039920
-3.738870 10.986810 -3.930360
-3.250560 12.327250 -4.993130
-3.154820 14.155990 -5.500590
-3.930360 15.678340 -4.658020
-4.380360 15.314510 -3.413330
