-1.536720 10.374040 3.202690
-1.105860 12.164480 2.790980
-0.550540 12.719800 2.427150
0.129260 12.336820 2.475020
0.502660 13.820880 1.613310
0.694160 19.096460 0.885650
3.346310 19.603910 -0.081380
9.454880 19.584760 -5.806970
19.297530 19.603910 -6.496340
19.594340 19.603910 -17.497510
19.565620 19.603910 -18.799650
19.594340 19.603910 -18.742200
19.594340 18.991140 -18.914550
19.594340 10.766590 -19.603910
19.594340 6.333570 -19.402850
19.536890 9.560200 -17.392190
19.594340 13.983640 -19.603910
19.594340 11.072980 -19.603910
19.594340 0.186700 -19.603910
19.594340 -19.594340 -18.723050
19.594340 -19.594340 -16.626230
19.594340 -19.536890 -19.603910
19.594340 -19.594340 -18.282620
19.594340 -19.594340 -5.529310
19.594340 -19.594340 -15.218760
19.584760 -19.594340 -16.645370
17.621980 -19.594340 -13.188960
17.612400 -19.594340 -11.743200
18.857100 -19.594340 -9.636790
19.594340 -19.594340 -9.627220
19.594340 -19.594340 -9.100620
19.594340 -19.594340 -8.794230
19.594340 -19.594340 -9.119770
19.594340 -19.594340 -10.613400
19.594340 -19.594340 -6.237830
19.594340 -11.302770 -18.071980
19.594340 -5.835700 -16.530480
19.594340 -1.469690 -14.816630
19.594340 3.997380 -16.128350
19.441140 8.727210 -15.888980
17.420910 12.805980 -15.544300
15.190040 13.255980 -12.873000
10.977230 10.728290 -9.445300
7.386770 8.037840 -6.908050
5.194200 7.539970 -6.391020
4.342060 9.186790 -4.782490
3.662270 12.499590 -3.595250
2.273960 15.391110 -1.211180
0.598410 10.747440 3.556950
0.119680 5.328240 3.087800
-2.063320 3.164390 1.613310
-3.901630 3.001620 2.953750
-5.548460 6.946340 4.188870
-5.960160 10.326160 5.031430
-7.042090 8.219760 3.298440
-6.199530 7.970820 0.952670
-4.121850 7.358050 0.483520
-2.197360 6.630380 0.933520
-3.193120 7.425070 0.617560
-5.835700 9.100620 0.062230
-6.410170 9.445300 0.540960
-5.041010 8.985730 1.527140
-3.614400 9.119770 1.182460
-3.566520 9.454880 0.952670
-3.489930 8.602740 1.594160
-3.422910 7.626140 2.340980
-3.537800 6.716550 2.618640
-3.614400 6.515490 2.206940
-3.614400 7.635710 1.546290
-3.585670 8.056990 1.977150
-3.643120 8.037840 2.953750
-3.968660 7.903800 2.934600
-4.054830 7.367620 2.609070
-4.294190 7.243150 2.743110
