1.144160 14.615570 -3.193120
1.364370 14.874080 -3.805890
1.833530 14.443220 -4.284620
2.628220 14.826210 -5.452710
3.422910 17.277290 -8.028270
4.093120 19.067740 -10.795320
5.194200 17.037930 -11.072980
8.669760 15.065570 -5.912290
10.776170 17.851770 -8.650620
14.021940 19.603910 -14.433650
19.594340 18.866670 -14.203860
19.594340 14.883650 -14.625140
19.584760 12.135760 -19.421990
19.594340 9.560200 -19.603910
19.594340 -14.874080 -17.363470
19.316680 -19.594340 -2.752690
12.834700 -19.469870 -16.300690
13.696410 -12.097460 -1.105860
10.431480 -9.789990 -5.012280
10.728290 -16.032600 -4.859090
12.212350 -19.594340 -0.943090
11.704900 -19.584760 -0.138830
11.752770 -19.594340 -3.556950
15.190040 -19.594340 -5.998460
15.802810 -19.594340 -4.342060
18.100710 -19.594340 -4.418660
19.594340 -19.594340 -7.319750
16.300690 -19.594340 -10.728290
11.963410 -19.594340 3.738870
11.781500 -19.594340 -7.022940
16.434730 -19.594340 -8.334650
17.411340 -19.594340 -5.222920
16.444310 -19.584760 -2.427150
14.778330 -17.669850 -3.394180
18.531560 -17.535810 -3.729290
18.033680 -19.594340 -4.849520
13.974070 -15.946430 -2.896300
19.594340 -19.594340 -11.666600
19.594340 -19.594340 -7.741030
19.594340 -19.594340 0.464370
19.594340 -19.594340 -9.895310
19.594340 -19.287950 -13.964500
19.594340 -13.466620 -16.281540
19.594340 -7.137830 -15.764510
19.594340 -1.527140 -15.027270
19.594340 -2.723960 -12.078310
19.067740 0.205850 -12.825120
16.798570 1.354800 -11.513410
14.577270 1.038840 -8.612320
11.666600 2.647370 -6.170800
7.530390 5.778250 -5.615480
5.893140 8.238910 -6.917620
7.721880 9.828290 -7.846350
6.534640 10.316590 -6.055910
3.039920 7.578260 -5.012280
1.938850 9.483600 -5.395260
0.502660 10.958080 -4.705900
0.722880 10.029350 -2.714390
1.804800 10.172970 -1.460120
2.015450 8.449550 -0.263300
1.536720 6.170800 5.251650
-1.747360 7.176130 4.514410
-12.911300 17.143250 2.340980
-16.099620 17.267720 2.992050
-3.690990 12.604910 2.953750
1.536720 6.505910 3.231410
0.751600 4.064400 3.748440
-4.255890 6.917620 4.581430
-4.284620 7.042090 4.466530
-4.370790 7.147410 4.313340
-4.332490 6.898470 4.169720
-4.342060 6.735700 4.150570
-4.236740 6.793150 4.227170
-4.227170 6.869750 4.294190
