-2.005870 10.058080 2.283530
-1.354800 10.737870 1.756930
-0.598410 11.637880 0.483520
0.473940 13.610240 -0.713300
1.804800 16.109200 -2.025020
4.351640 18.636880 -3.298440
7.233580 19.603910 -6.467620
10.192120 19.594340 -9.904880
16.894310 19.603910 -15.821960
19.594340 18.837950 -6.563360
19.565620 19.603910 -9.368710
19.594340 19.603910 -15.113440
19.594340 19.603910 -15.917710
19.594340 19.603910 -15.266640
19.594340 19.603910 -12.174050
19.594340 19.211360 -19.268800
19.594340 14.950680 -19.603910
19.479440 -19.594340 -4.313340
16.654950 -19.594340 -5.242070
15.304930 -19.594340 -9.263390
19.508170 -19.594340 -11.810220
19.594340 -19.594340 -10.048500
19.594340 -19.594340 -12.700650
19.594340 -19.039010 -19.603910
19.594340 -5.318670 -19.575190
19.594340 0.100530 -19.603910
19.594340 6.544210 -13.131510
-2.360130 7.731460 1.747360
-1.029270 6.333570 4.045250
-3.279290 7.846350 4.064400
-6.075060 9.081470 3.805890
-6.103780 8.784660 3.020770
-4.495260 6.812300 3.087800
-3.939930 6.122930 2.551620
-5.002710 7.176130 1.977150
-5.615480 7.951670 2.168640
-5.031430 7.970820 2.666510
-4.418660 7.463370 3.049500
-4.600580 7.061240 3.164390
-4.916540 6.726130 3.087800
-5.289940 7.022940 2.886730
-5.481440 7.338900 2.771840
-5.155900 7.664440 2.934600
-4.830370 7.214430 3.049500
-5.242070 7.070810 3.327160
-5.692080 7.032510 3.403760
-5.395260 7.166560 3.375030
-5.280370 7.176130 3.001620
-5.663350 7.003790 3.078220
-5.826120 6.946340 3.470780
-5.739950 6.553790 3.509080
-5.797400 6.735700 3.049500
-5.902720 7.128260 2.934600
-5.529310 7.118690 3.106940
-5.060160 6.659110 3.394180
-5.136750 6.477190 3.068650
-5.366540 6.467620 2.992050
-5.299520 6.572940 3.106940
-4.878240 6.754850 3.279290
-4.629300 6.908050 3.384610
-4.591000 6.802730 3.240990
-4.725050 6.697400 2.934600
-4.772920 6.888900 2.771840
-4.734620 7.176130 2.877160
-4.906960 7.319750 3.183540
-5.309090 7.291030 3.212260
-5.567610 7.549540 2.886730
-5.519730 7.903800 3.001620
-5.261220 8.076140 3.432480
-5.222920 7.731460 3.432480
-5.242070 7.693160 3.279290
-5.069730 7.683580 3.461200
-4.839940 7.453800 3.710140
-4.868660 7.070810 3.432480
