-1.728210 9.445300 0.847350
-1.297350 9.655940 -0.071810
-0.694160 10.278290 -0.722880
0.023940 11.293190 -1.469690
1.019690 11.714480 -2.790980
2.005870 11.762350 -3.671840
2.886730 11.637880 -3.566520
3.968660 14.385780 -2.465450
5.701650 19.603910 -0.962240
7.530390 19.603910 -4.370790
11.724050 19.594340 -15.333660
19.498590 19.603910 -17.985810
19.594340 19.603910 -8.976150
18.608160 19.603910 -16.846440
18.569860 19.603910 -18.206030
19.594340 19.603910 -19.603910
19.584760 19.603910 -19.603910
19.594340 1.661190 -18.483690
19.594340 -19.594340 0.742030
19.594340 -19.479440 -19.603910
19.594340 -19.575190 -15.707070
19.594340 -19.594340 -7.894220
19.594340 -19.594340 -16.003880
19.594340 -19.594340 -13.102790
19.594340 -19.594340 -15.975150
19.594340 -19.594340 -18.627310
19.594340 -19.594340 -16.300690
19.594340 -19.594340 -9.301690
16.884740 -19.594340 3.116520
8.037840 -19.594340 0.933520
4.093120 -19.594340 -3.623970
3.518650 -19.594340 -6.113360
10.000630 -19.594340 -4.370790
15.362380 -19.594340 -2.666510
17.124100 -19.594340 -5.577180
18.799650 -19.594340 -2.609070
19.575190 -19.594340 -3.959080
19.594340 -19.594340 -4.897390
19.594340 -19.594340 -4.725050
19.594340 -19.594340 -10.699570
19.594340 -19.594340 -16.664520
19.594340 -19.594340 -12.250650
19.594340 -19.594340 -11.532560
19.594340 -17.478360 -17.650700
19.594340 -9.742120 -19.603910
19.594340 -4.188870 -19.584760
19.594340 0.502660 -19.603910
19.594340 3.844190 -19.603910
17.143250 8.851680 -19.058160
12.710230 12.997470 -15.237910
11.216600 13.208110 -6.965490
8.076140 6.764430 -4.332490
8.526150 0.789900 -5.816550
6.362300 7.128260 -6.630380
4.763340 12.825120 -3.652690
3.518650 10.651700 0.033510
1.306930 9.138920 2.676090
-1.967570 8.497420 0.588840
-2.082470 8.430400 -2.896300
-0.981390 6.247400 -1.239910
-0.129260 5.299520 0.761180
-0.387770 9.521900 -0.110110
-1.546290 9.742120 -0.186700
-3.528230 9.196370 2.159060
-5.021860 11.053830 3.154820
-9.138920 13.083640 3.231410
-8.152740 8.909130 2.149490
-3.365460 5.510160 1.421820
-1.737780 4.935690 2.139910
-2.331410 5.194200 2.427150
-4.370790 6.237830 3.116520
-5.596330 7.846350 3.987800
-5.088880 9.253810 4.744190
-4.035680 7.549540 4.112270
