-2.838860 7.080390 3.020770
-2.475020 7.721880 2.455870
-2.254810 8.459130 1.230330
-2.092040 8.851680 0.301600
-1.642040 8.985730 0.014360
-1.440970 9.914460 0.090960
-1.517570 11.053830 0.569690
-1.335650 11.685750 0.655860
-0.732450 11.934690 0.225000
-0.023940 13.504920 -1.766510
-0.368620 16.013450 -6.075060
-1.057990 17.248570 -7.980400
-1.192030 19.603910 -6.860170
4.351640 18.589010 -3.959080
13.878330 9.014450 -4.389940
18.349650 0.148410 -12.662360
19.594340 -0.799480 -19.603910
19.594340 2.733540 -19.058160
19.594340 -10.833610 -12.815550
19.594340 -19.594340 -14.711310
19.594340 -19.575190 -15.065570
19.441140 -19.584760 -10.297440
16.856010 -19.594340 -4.600580
15.869830 -19.594340 -3.039920
15.304930 -19.594340 -2.159060
13.801730 -19.594340 -2.992050
11.733620 -19.594340 -5.261220
9.780410 -19.594340 -5.605900
8.602740 -19.594340 -4.495260
7.846350 -19.594340 -3.135670
6.831450 -19.594340 -3.011200
7.511240 -19.594340 -4.380360
9.330410 -19.594340 -5.136750
10.833610 -19.594340 -4.926110
11.350640 -19.594340 -4.887810
12.518740 -19.594340 -5.337820
14.538970 -19.594340 -6.161230
15.659190 -19.575190 -7.032510
15.956000 -19.594340 -8.305930
16.157070 -18.694330 -9.081470
15.898560 -14.960250 -8.238910
15.525150 -12.786830 -7.731460
14.605990 -12.671930 -7.597410
13.217680 -11.752770 -6.381440
11.752770 -9.292110 -5.194200
10.086800 -7.204860 -5.510160
9.196370 -6.544210 -6.601660
9.071900 -5.002710 -6.793150
7.913370 -1.709060 -5.988890
5.404840 2.264380 -4.753770
2.781410 5.634630 -4.571850
1.469690 10.287870 -4.734620
0.550540 14.242160 -3.825040
-0.598410 15.544300 -2.704810
-1.699480 13.284700 -1.967570
-1.833530 10.546380 -1.862250
-1.642040 9.330410 -1.345230
-2.704810 9.732540 -0.962240
-2.867580 9.215510 -0.464370
-3.145240 8.765510 -0.196280
-3.623970 7.884650 0.847350
-4.332490 6.525060 2.178210
-5.117600 5.883570 3.298440
-6.017610 5.682500 3.863340
-6.639960 5.634630 3.834610
-6.745280 5.720800 3.872910
-6.620810 5.366540 4.543130
-6.850600 4.993130 5.538880
-6.582510 4.648450 6.371870
-6.687830 4.772920 6.486770
-6.726130 5.213350 6.228250
-6.687830 5.653780 5.730370
-6.448470 5.806970 5.289940
-6.036760 5.299520 5.787820
