-3.394180 10.316590 -1.843100
-2.704810 9.914460 -1.680340
-1.996300 9.866590 -1.450550
-1.747360 9.560200 -1.153730
-1.890980 8.985730 -1.345230
-1.890980 8.238910 -1.364370
-1.278200 7.884650 -1.881400
-0.368620 7.262300 -1.910120
0.473940 6.142080 -1.967570
1.096290 4.897390 -1.929270
1.737780 4.121850 -2.752690
2.408000 3.202690 -3.135670
3.518650 1.565440 -2.886730
5.079300 -0.464370 -1.910120
6.582510 -2.570770 -0.598410
7.109110 -4.294190 -0.033510
6.850600 -5.471860 -0.493090
6.448470 -6.649530 -0.866500
6.821870 -9.081470 0.512240
8.803810 -12.796400 0.990970
10.431480 -15.324080 0.272870
9.483600 -15.956000 1.115440
8.650620 -17.890070 2.168640
7.922950 -19.594340 0.828200
6.898470 -19.374120 1.354800
6.888900 -18.148580 2.637790
7.760180 -17.449640 4.504830
8.305930 -18.301770 6.706980
9.378280 -19.594340 7.827200
9.378280 -19.594340 8.152740
6.898470 -19.594340 7.434650
4.926110 -19.594340 8.717640
4.131420 -19.594340 10.259140
4.619720 -19.594340 9.722970
6.113360 -19.594340 7.817630
7.970820 -19.594340 4.887810
9.751690 -19.594340 2.331410
11.283620 -19.594340 1.297350
12.298520 -19.594340 0.837770
12.145330 -18.560290 0.272870
11.025110 -15.716640 -0.225000
9.837860 -13.495340 -0.847350
9.244240 -11.465540 -1.402670
8.909130 -9.272960 -1.431400
8.995300 -7.358050 -1.642040
9.110190 -5.672930 -2.197360
8.775080 -4.064400 -2.408000
7.664440 -2.580340 -2.752690
6.103780 -1.364370 -2.551620
4.763340 -0.722880 -2.790980
3.930360 -0.397340 -3.288860
3.671840 0.426070 -3.154820
3.853760 1.488840 -2.982480
4.083550 2.340980 -2.963330
3.930360 3.240990 -3.442050
3.499500 3.939930 -4.447380
3.375030 4.284620 -4.600580
4.093120 5.203770 -4.753770
4.964410 7.396350 -6.065480
5.376120 9.722970 -7.386770
4.686750 12.078310 -7.358050
3.547370 15.324080 -6.620810
2.273960 18.751780 -6.008040
0.540960 19.603910 -5.893140
-0.837770 19.594340 -4.715470
-0.933520 19.010290 -3.480350
0.110110 17.660280 -2.609070
1.192030 16.970910 -2.034590
1.048410 16.013450 -1.642040
-0.320750 14.644290 -1.086710
-1.326080 13.485770 -0.962240
-1.268630 11.925110 -0.933520
-0.713300 10.172970 -0.550540
-0.646280 8.957000 -0.071810
