2.101620 9.541050 -0.330320
1.747360 9.971900 0.215430
1.718630 9.952760 0.473940
2.254810 9.464450 0.426070
2.618640 9.186790 0.100530
2.149490 9.445300 0.071810
1.507990 9.751690 0.234580
1.479270 9.837860 0.320750
2.130340 9.435730 0.196280
2.417580 9.387860 -0.090960
2.044170 9.665520 -0.205850
1.373950 9.789990 0.129260
1.383520 9.608070 0.435640
2.130340 9.397430 0.320750
2.331410 9.541050 -0.062230
1.900550 9.981480 -0.167550
1.469690 10.115520 0.081380
1.651610 9.828290 0.292020
2.226090 9.445300 0.454790
2.331410 9.435730 0.205850
1.929270 9.732540 0.043090
1.584590 9.847440 0.148410
1.718630 9.809140 0.244150
2.216510 9.617650 0.110110
2.120770 9.588920 -0.148410
1.469690 9.914460 -0.339900
1.000540 10.163400 -0.301600
1.555870 9.885730 0.071810
2.503750 9.531480 0.359050
2.656940 9.397430 0.636710
1.881400 9.502750 0.579260
1.335650 9.588920 0.062230
1.507990 10.153820 -0.071810
2.168640 11.197450 0.272870
1.958000 11.197450 0.588840
1.010120 11.245320 0.330320
0.722880 10.900640 -0.090960
1.450550 10.728290 -0.186700
2.254810 10.603830 -0.138830
1.919700 10.948510 -0.014360
0.923950 10.488930 -0.157980
0.397340 10.374040 -1.172880
0.665430 11.187870 -1.201610
0.971820 11.618730 -0.933520
1.115440 12.202780 -1.086710
0.943090 12.422990 -0.157980
0.560110 12.135760 0.033510
0.311170 11.685750 -0.531390
0.014360 11.800650 -1.163310
-0.253730 12.422990 -1.067560
-0.646280 12.107030 -1.938850
-1.565440 11.341070 -3.250560
-1.546290 9.330410 -4.437810
-1.077140 7.913370 -4.600580
-1.479270 8.344230 -4.026100
-2.465450 9.924030 -3.643120
-2.570770 9.119770 -3.834610
-2.273960 7.300600 -4.370790
-2.254810 7.042090 -4.361210
-2.790980 9.052750 -4.447380
-3.671840 10.201690 -5.318670
-4.543130 9.857010 -5.634630
-4.169720 8.985730 -4.753770
-3.020770 8.047420 -3.164390
-3.892060 7.750610 -4.169720
-4.255890 7.578260 -6.716550
-3.633550 7.080390 -6.783580
-3.078220 6.946340 -5.117600
-3.987800 8.315510 -3.604820
-4.648450 8.497420 -3.346310
-3.145240 6.113360 -4.648450
-2.934600 4.552700 -4.715470
-3.882480 4.753770 -3.738870
-5.873990 6.984640 -3.595250
-4.093120 5.347390 -3.097370
-4.447380 4.236740 -4.121850
-6.237830 4.658020 -4.418660
-6.027190 5.500590 -3.461200
-6.477190 6.429320 -3.815460
-5.912290 5.711230 -3.614400
-7.061240 4.811220 -2.417580
-7.156980 5.213350 -2.915450
-7.750610 5.098450 -2.484600
-3.671840 2.790980 -1.287780
-5.720800 3.671840 -2.695240
-8.487850 3.375030 -4.045250
-8.277210 3.355880 -3.106940
-6.582510 3.298440 -1.661190
-6.075060 3.365460 -1.211180
-8.478270 2.925030 -2.743110
-8.507000 2.321830 -2.120770
-7.080390 4.083550 -1.172880
-7.539970 3.614400 -1.096290
-8.641040 2.149490 -2.044170
-9.502750 2.551620 -1.795230
-8.018690 3.892060 -1.326080
-6.908050 3.489930 -0.876070
-6.687830 3.681420 -0.359050
-7.042090 3.480350 -1.239910
-7.808050 4.083550 -2.273960
-7.367620 4.696320 -2.570770
-6.869750 4.696320 -2.513320
-6.630380 3.700570 -2.436730
-7.769760 3.978230 -2.513320
-8.181460 4.208020 -2.092040
-7.606990 3.805890 -1.182460
-7.855930 4.141000 -1.373950
-8.995300 4.313340 -2.321830
-8.267630 4.926110 -1.871830
-7.942100 3.805890 -1.029270
-8.411250 2.886730 -1.077140
-8.794230 3.710140 -1.938850
-8.679340 3.987800 -2.082470
-8.631470 4.054830 -1.814380
-8.669760 3.193120 -1.249480
-8.267630 2.283530 -1.603740
-8.430400 3.576100 -2.762260
-8.430400 4.121850 -2.120770
-7.980400 3.949510 -1.737780
-7.760180 2.896300 -1.488840
-8.037840 3.394180 -2.187790
-8.593170 4.504830 -2.159060
-8.650620 4.763340 -2.647370
-7.884650 4.102700 -2.293110
-7.539970 3.011200 -1.929270
-7.903800 3.336730 -1.919700
-8.813380 4.303770 -2.609070
-8.736790 4.361210 -2.637790
-7.865500 3.164390 -1.507990
-7.999550 2.618640 -1.067560
-8.679340 4.121850 -1.632460
-9.129340 4.495260 -2.139910
-8.554870 3.604820 -1.871830
-8.459130 2.475020 -1.488840
-8.056990 3.078220 -1.871830
-8.535720 3.758010 -2.944180
-8.401680 3.499500 -2.695240
