2.455870 9.320830 -2.934600
2.599490 9.282540 -2.905880
2.752690 9.253810 -2.800560
2.743110 9.167640 -2.714390
2.599490 9.234660 -2.714390
2.666510 9.292110 -2.723960
2.723960 9.349560 -2.829280
2.580340 9.311260 -2.963330
2.532470 9.292110 -2.963330
2.532470 9.263390 -2.953750
2.522900 9.158070 -2.800560
2.609070 9.167640 -2.704810
2.723960 9.244240 -2.704810
2.656940 9.320830 -2.762260
2.580340 9.359130 -2.896300
2.542050 9.311260 -2.953750
2.475020 9.311260 -3.020770
2.446300 9.244240 -2.972900
2.599490 9.225090 -2.905880
2.714390 9.253810 -2.810130
2.618640 9.397430 -2.752690
2.484600 9.330410 -2.781410
2.475020 9.349560 -2.771840
2.733540 9.464450 -2.752690
2.628220 9.407000 -2.829280
2.360130 9.138920 -2.819710
2.302680 9.043170 -2.790980
2.340980 9.311260 -2.714390
2.599490 9.426150 -2.561200
2.340980 9.694240 -2.858010
2.302680 9.904880 -3.212260
2.589920 10.192120 -3.442050
2.551620 10.259140 -3.480350
2.628220 9.933610 -3.298440
2.570770 9.531480 -3.308010
2.273960 9.579350 -3.901630
2.216510 9.541050 -4.447380
1.919700 9.205940 -4.763340
2.235660 8.353800 -4.504830
2.522900 8.899550 -4.916540
1.967570 10.316590 -5.318670
1.440970 10.450630 -5.175050
1.048410 9.454880 -6.036760
0.866500 8.631470 -6.534640
0.607980 8.535720 -6.754850
0.732450 8.037840 -6.027190
0.837770 8.449550 -6.008040
0.751600 8.602740 -6.199530
0.493090 7.836780 -6.812300
-0.081380 7.808050 -7.137830
-0.157980 7.664440 -6.936770
0.282450 7.042090 -6.391020
0.349470 7.233580 -5.701650
0.177130 8.143160 -5.471860
-0.177130 8.411250 -5.845270
-0.636710 7.539970 -6.429320
-0.885650 7.846350 -7.492090
-1.249480 7.425070 -8.411250
-1.479270 7.578260 -8.516570
-1.479270 7.338900 -7.204860
-1.450550 6.266550 -6.908050
-1.488840 6.084630 -7.779330
-1.804800 6.496340 -8.698490
-2.005870 6.400590 -8.621890
-1.871830 6.295270 -7.922950
-1.967570 6.199530 -7.501670
-2.551620 6.008040 -7.712310
-2.972900 5.912290 -8.286780
-3.308010 5.605900 -8.650620
-3.145240 5.768670 -8.717640
-3.126090 5.960160 -7.875080
-2.925030 5.864420 -7.003790
-3.547370 5.950590 -7.817630
-4.265470 6.276120 -9.158070
-4.389940 5.462290 -9.368710
-3.863340 4.523980 -8.305930
-3.805890 4.428230 -7.425070
-4.361210 4.504830 -7.568690
-5.002710 3.968660 -8.717640
-5.050580 3.432480 -8.870830
-4.514410 3.106940 -7.616560
-4.495260 3.442050 -7.204860
-5.050580 4.141000 -7.185710
-5.644200 3.959080 -6.955920
-5.529310 3.805890 -6.362300
-5.127180 3.815460 -6.687830
-5.242070 3.355880 -7.482520
-5.414410 3.231410 -7.884650
-5.711230 3.489930 -7.472940
-5.730370 3.384610 -6.352720
-5.720800 3.059070 -5.519730
-5.921870 2.494170 -5.759100
-5.893140 2.455870 -6.410170
-6.371870 3.183540 -6.965490
-6.783580 3.585670 -6.324000
-6.716550 3.221840 -4.820790
-6.678260 2.245230 -4.973980
-6.668680 1.958000 -6.017610
-6.888900 2.178210 -6.726130
-7.003790 3.193120 -6.295270
-6.687830 2.771840 -4.667600
-6.726130 1.393100 -5.443140
-6.678260 1.642040 -6.419740
-6.726130 2.369700 -6.046330
-6.984640 2.436730 -5.098450
-6.850600 1.670760 -4.322910
-7.080390 1.632460 -4.294190
-8.210190 2.379280 -4.916540
-8.305930 2.427150 -3.872910
-7.511240 1.938850 -2.915450
-7.702730 2.293110 -3.145240
-8.564440 2.781410 -4.102700
-7.999550 2.331410 -3.614400
-7.128260 1.977150 -3.346310
-7.520820 1.795230 -3.853760
-8.459130 2.723960 -3.020770
-8.880400 0.866500 -3.422910
-8.545290 2.159060 -3.461200
-9.033600 2.321830 -3.087800
-8.583590 2.034590 -3.729290
-8.621890 1.546290 -4.006950
-8.037840 1.469690 -3.576100
-8.392100 1.373950 -3.039920
-8.459130 1.134590 -2.637790
-8.018690 1.402670 -2.752690
-8.229340 1.728210 -3.470780
-8.305930 1.900550 -3.413330
-8.593170 1.747360 -2.819710
-8.382530 1.450550 -2.542050
-8.143160 1.479270 -3.049500
-8.305930 1.833530 -3.135670
-8.545290 1.881400 -2.905880
-8.775080 1.776080 -2.455870
-8.535720 1.651610 -2.034590
-8.507000 1.699480 -2.609070
-8.698490 2.082470 -2.484600
-8.660190 1.651610 -2.408000
