2.130340 9.713390 -1.814380
2.178210 9.579350 -2.005870
2.092040 9.569770 -2.206940
1.996300 9.493180 -2.226090
1.900550 9.416580 -1.958000
1.919700 9.579350 -1.756930
1.977150 9.627220 -1.613310
2.082470 9.617650 -1.689910
2.072890 9.512330 -1.871830
2.015450 9.378280 -1.948420
1.890980 9.521900 -1.996300
1.871830 9.789990 -1.890980
2.015450 9.876160 -1.929270
1.977150 9.617650 -2.178210
1.756930 9.541050 -2.350550
1.747360 9.588920 -2.331410
1.871830 9.655940 -2.005870
1.996300 9.713390 -1.785660
1.862250 9.885730 -1.728210
1.661190 10.211270 -1.488840
1.766510 10.163400 -1.306930
2.216510 10.182540 -1.402670
2.245230 10.929360 -1.900550
1.622890 11.379360 -2.235660
1.029270 11.360220 -2.360130
1.010120 10.718720 -2.455870
1.239910 10.441060 -2.293110
1.632460 10.354890 -1.709060
1.823950 10.048500 -2.369700
1.201610 9.924030 -3.509080
0.646280 10.364460 -3.317590
0.636710 11.743200 -2.101620
1.239910 11.666600 -0.110110
1.479270 10.938940 0.359050
0.971820 10.192120 -0.713300
0.052660 9.722970 -1.814380
-0.684580 9.541050 -1.986720
-0.512240 9.828290 -1.115440
0.540960 9.789990 -1.421820
0.339900 10.000630 -3.442050
-1.000540 10.699570 -3.250560
-1.134590 11.609150 -1.661190
0.138830 11.810220 -0.684580
0.809050 10.699570 -0.617560
0.081380 9.071900 -1.718630
-1.211180 8.353800 -2.963330
-1.594160 8.411250 -2.915450
-1.326080 8.459130 -2.312260
-1.747360 9.770840 -2.092040
-2.149490 11.733620 -1.259050
-1.517570 11.398510 -0.339900
-1.259050 10.115520 -0.378200
-1.804800 8.976150 -0.675010
-2.570770 9.378280 -1.335650
-2.695240 9.943180 -1.546290
-2.398430 10.383610 -1.852680
-2.340980 9.521900 -2.503750
-2.628220 8.009120 -2.829280
-2.503750 7.377200 -2.628220
-2.187790 7.396350 -2.427150
-2.905880 8.238910 -3.126090
-3.528230 8.037840 -3.968660
-3.327160 7.243150 -4.150570
-3.231410 6.879320 -4.073980
-4.016530 7.951670 -4.380360
-4.332490 9.100620 -3.892060
-4.064400 8.449550 -3.671840
-4.399510 7.597410 -3.939930
-4.303770 7.444220 -4.045250
-3.777160 7.855930 -4.179300
-4.093120 7.903800 -4.734620
-5.127180 6.994220 -4.830370
-5.883570 6.783580 -5.050580
-5.443140 7.003790 -4.830370
-5.146330 7.587840 -5.021860
-5.127180 6.381440 -5.184620
-4.973980 5.175050 -4.849520
-5.806970 6.055910 -4.983560
-6.458040 7.032510 -5.711230
-5.653780 5.711230 -6.027190
-4.629300 4.121850 -5.222920
-5.615480 4.332490 -4.026100
-6.879320 5.184620 -3.499500
-6.716550 5.778250 -4.514410
-5.586760 4.811220 -5.577180
-4.964410 3.106940 -5.021860
-6.496340 4.121850 -4.150570
-8.191040 6.218680 -4.533550
-6.563360 5.232500 -5.060160
-5.270800 3.221840 -4.772920
-6.438890 3.193120 -4.198450
-8.114440 4.667600 -3.547370
-8.085720 4.456960 -2.944180
-5.098450 3.432480 -3.576100
-8.171890 4.370790 -3.815460
-8.229340 5.155900 -2.819710
-7.875080 5.328240 -2.542050
-6.381440 3.758010 -3.365460
-6.802730 3.786740 -3.997380
-8.047420 3.346310 -3.106940
-8.124010 1.871830 -2.044170
-7.511240 1.900550 -2.072890
-8.708060 3.145240 -3.288860
-8.794230 2.886730 -3.193120
-8.621890 2.714390 -2.216510
-7.463370 2.321830 -1.804800
-6.994220 3.231410 -2.733540
-8.985730 3.547370 -3.106940
-8.267630 1.565440 -1.125010
-7.367620 1.507990 -0.512240
-7.425070 3.633550 -2.647370
-9.043170 4.935690 -3.796310
-8.315510 3.939930 -1.661190
-7.616560 2.522900 -0.052660
-6.841020 3.355880 -1.393100
-8.535720 4.782490 -3.949510
-8.296360 3.011200 -2.216510
-8.526150 1.910120 0.119680
-7.980400 1.843100 -0.703730
-9.177220 3.815460 -3.509080
-8.784660 3.767590 -3.288860
-8.277210 2.714390 -2.120770
-7.942100 1.421820 -0.876070
-8.258060 2.704810 -2.139910
-9.263390 3.825040 -3.327160
-8.736790 3.097370 -1.919700
-8.736790 2.206940 -0.952670
-8.669760 2.915450 -2.015450
-8.478270 3.595250 -2.886730
-7.827200 3.633550 -2.503750
-8.334650 2.350550 -2.159060
-8.468700 1.986720 -3.078220
-8.736790 3.729290 -3.643120
-8.181460 3.442050 -2.704810
-8.104870 1.718630 -1.383520
-8.171890 1.929270 -1.460120
-7.635710 3.480350 -1.958000
