2.599490 9.646370 -0.703730
2.637790 9.646370 -0.627130
2.695240 9.560200 -0.512240
2.628220 9.550620 -0.579260
2.503750 9.646370 -0.751600
2.494170 9.665520 -0.742030
2.589920 9.512330 -0.617560
2.676090 9.416580 -0.598410
2.704810 9.464450 -0.607980
2.666510 9.627220 -0.675010
2.503750 9.684670 -0.732450
2.321830 9.675090 -0.722880
2.216510 9.588920 -0.933520
2.398430 9.407000 -0.856920
2.599490 9.454880 -0.713300
2.628220 9.655940 -0.627130
2.427150 9.675090 -0.655860
2.206940 9.675090 -0.732450
2.206940 9.732540 -0.809050
2.360130 9.809140 -0.761180
2.522900 9.847440 -0.789900
2.379280 9.818710 -0.847350
2.168640 9.655940 -0.914370
2.197360 9.770840 -0.856920
2.484600 10.220840 -0.655860
2.532470 10.958080 -0.598410
2.226090 11.197450 -0.167550
1.890980 10.699570 0.301600
1.929270 10.728290 -0.071810
2.293110 11.159150 -0.713300
2.149490 11.264470 -1.086710
1.575020 11.350640 -1.316500
1.326080 11.005960 -0.722880
1.364370 11.350640 -0.368620
1.555870 11.819790 -0.090960
1.335650 11.791070 -0.378200
0.990970 10.450630 -0.866500
0.914370 8.794230 -1.287780
0.253730 9.100620 -1.699480
-0.378200 10.230420 -1.747360
-0.406920 11.092130 -1.699480
0.272870 10.450630 -1.785660
0.627130 9.751690 -2.427150
-0.033510 10.307010 -2.532470
-0.397340 10.910210 -2.398430
-0.311170 11.034680 -2.743110
-0.550540 10.431480 -3.250560
-1.297350 9.943180 -3.825040
-2.139910 9.780410 -4.093120
-2.273960 9.368710 -3.652690
-1.450550 9.215510 -3.518650
-0.866500 9.196370 -3.269710
-1.709060 10.019780 -3.087800
-2.714390 9.598500 -2.647370
-3.269710 8.870830 -3.518650
-2.733540 8.554870 -3.585670
-1.910120 8.133590 -3.020770
-2.216510 8.056990 -3.231410
-3.078220 7.587840 -4.112270
-3.087800 7.338900 -3.317590
-2.589920 7.779330 -1.890980
-2.609070 8.286780 -1.306930
-3.470780 9.148490 -2.302680
-4.083550 8.401680 -4.217590
-3.882480 7.176130 -4.112270
-3.011200 7.348470 -2.723960
-3.250560 8.478270 -2.149490
-4.964410 9.110190 -3.547370
-5.519730 7.549540 -4.638870
-4.418660 6.161230 -4.160150
-3.480350 6.496340 -3.556950
-4.839940 7.377200 -4.370790
-6.285700 6.639960 -4.993130
-5.012280 5.500590 -4.638870
-3.987800 6.008040 -4.150570
-5.088880 7.884650 -4.993130
-6.850600 7.951670 -6.027190
-5.701650 5.491010 -4.878240
-3.700570 4.131420 -2.867580
-4.571850 5.883570 -3.394180
-6.754850 6.908050 -5.213350
-6.697400 5.720800 -5.318670
-4.906960 3.882480 -3.011200
-5.184620 4.686750 -2.580340
-7.492090 7.070810 -5.079300
-7.961250 6.295270 -6.055910
-5.759100 3.595250 -4.026100
-4.686750 2.369700 -1.431400
-7.080390 5.108030 -3.719720
-10.048500 7.530390 -7.032510
-6.975070 4.849520 -5.309090
-3.049500 2.149490 -1.948420
-6.697400 3.001620 -1.843100
-10.986810 6.553790 -6.333570
-9.426150 5.337820 -6.505910
-3.375030 2.293110 -3.164390
-5.854840 2.800560 -0.933520
-10.670850 6.343150 -4.322910
-10.335740 6.256970 -5.510160
-5.462290 3.834610 -3.652690
-5.376120 2.905880 -3.279290
-9.272960 3.892060 -4.916540
-9.665520 5.404840 -5.605900
-6.783580 3.576100 -1.996300
-4.169720 1.421820 -0.531390
-8.382530 2.178210 -3.767590
-11.005960 4.954840 -6.304850
-7.520820 4.227170 -1.823950
-5.605900 2.475020 0.493090
-7.415500 2.139910 -1.871830
-10.259140 4.973980 -5.941020
-9.493180 4.313340 -3.633550
-7.683580 1.488840 -0.215430
-8.056990 2.005870 -0.560110
-10.287870 3.997380 -4.131420
-9.857010 4.906960 -4.906960
-7.999550 3.183540 -0.981390
-6.946340 1.728210 0.694160
-7.147410 2.570770 -1.460120
-9.876160 6.017610 -6.419740
-8.545290 4.849520 -3.968660
-6.659110 1.287780 0.435640
-5.931440 -0.263300 0.904800
-7.128260 3.633550 -3.394180
-7.865500 5.098450 -3.758010
-6.400590 3.671840 -0.569690
-6.678260 1.852680 0.742030
-7.137830 1.345230 -0.675010
-8.382530 5.222920 -3.173970
-8.880400 6.142080 -3.011200
-9.225090 2.858010 -1.421820
-8.315510 0.588840 -1.297350
-8.248480 4.035680 -3.212260
-8.746360 5.711230 -3.030350
-8.382530 4.476110 -2.178210
-7.932520 2.312260 -0.981390
-8.095290 3.365460 -1.575020
