1.086710 10.948510 -2.302680
0.713300 11.771920 -2.379280
0.301600 12.394270 -2.283530
0.292020 12.518740 -2.044170
0.646280 12.126180 -1.670760
1.077140 11.130430 -1.163310
1.431400 9.837860 -0.675010
1.479270 8.851680 -0.493090
1.316500 8.124010 -0.473940
1.067560 7.444220 -0.607980
0.789900 7.434650 -0.684580
0.636710 8.171890 -0.751600
0.550540 8.803810 -0.885650
0.512240 9.071900 -1.048410
0.742030 8.851680 -1.067560
1.555870 8.478270 -1.134590
1.967570 8.382530 -1.134590
1.555870 9.579350 -1.575020
0.301600 11.666600 -2.475020
-0.607980 11.896390 -2.628220
0.464370 10.871910 -2.838860
2.206940 9.215510 -2.790980
2.580340 8.372950 -2.522900
1.115440 8.909130 -2.886730
-0.129260 9.493180 -3.710140
1.163310 9.799560 -3.461200
3.566520 9.617650 -3.652690
4.514410 7.386770 -5.586760
3.901630 6.400590 -5.108030
1.699480 7.702730 -4.744190
-0.043090 9.694240 -4.131420
0.512240 10.019780 -3.786740
1.919700 8.066570 -4.026100
2.369700 6.505910 -4.466530
1.833530 7.520820 -4.370790
1.507990 9.608070 -4.102700
2.044170 10.938940 -4.160150
2.714390 10.421910 -3.987800
3.432480 9.397430 -4.112270
3.011200 9.416580 -4.169720
2.015450 9.445300 -4.485680
2.254810 9.311260 -4.389940
2.647370 8.918700 -4.715470
2.752690 8.267630 -5.519730
2.532470 8.487850 -6.161230
2.637790 9.119770 -5.596330
2.695240 8.679340 -4.830370
2.398430 8.018690 -4.361210
2.092040 8.315510 -4.198450
2.264380 8.803810 -4.466530
2.704810 9.167640 -4.993130
2.867580 9.272960 -5.644200
2.321830 9.205940 -6.161230
2.111190 8.641040 -6.113360
2.206940 8.267630 -6.036760
2.293110 8.736790 -5.864420
2.139910 10.134670 -6.161230
2.120770 10.364460 -6.075060
2.273960 9.215510 -6.324000
2.388850 8.114440 -6.467620
1.862250 8.095290 -6.505910
1.373950 8.947430 -6.151650
1.345230 8.918700 -5.759100
1.833530 8.009120 -5.663350
1.479270 8.353800 -6.908050
0.694160 8.037840 -7.444220
0.368620 7.128260 -7.185710
0.272870 7.319750 -7.271880
-0.330320 7.310180 -7.539970
-0.473940 6.888900 -6.994220
-0.157980 7.137830 -6.936770
-0.703730 7.243150 -7.128260
-2.130340 8.229340 -8.698490
-2.656940 8.679340 -9.780410
-1.316500 7.099540 -9.205940
-0.253730 6.017610 -8.736790
-1.594160 6.333570 -8.564440
-3.738870 5.950590 -8.430400
-3.231410 4.772920 -8.305930
-2.015450 4.303770 -8.641040
-3.518650 4.658020 -9.043170
-5.548460 4.275040 -8.315510
-5.596330 3.671840 -7.559120
-4.571850 2.858010 -6.486770
-4.476110 2.446300 -5.826120
-6.381440 3.547370 -6.678260
-7.472940 4.035680 -7.606990
-6.678260 3.825040 -7.329330
-7.137830 3.030350 -6.237830
-7.511240 2.264380 -5.242070
-7.128260 1.536720 -4.782490
-6.984640 1.498420 -5.203770
-7.224010 2.005870 -5.653780
-7.798480 2.082470 -5.481440
-7.932520 1.728210 -5.021860
-7.501670 1.776080 -4.543130
-7.472940 0.914370 -4.217590
-8.286780 0.205850 -5.012280
-8.717640 1.536720 -5.203770
-10.220840 1.795230 -4.629300
-9.148490 1.316500 -4.131420
-7.386770 1.498420 -3.978230
-9.071900 1.163310 -4.495260
-9.320830 1.306930 -3.748440
-7.961250 0.540960 -2.197360
-7.310180 -0.023940 -1.795230
-8.507000 0.904800 -3.288860
-9.713390 1.555870 -4.208020
-9.349560 1.077140 -2.752690
-7.061240 -0.071810 -0.014360
-6.726130 -0.196280 -0.866500
-8.574020 -0.330320 -1.890980
-9.330410 0.090960 -2.790980
-8.583590 0.062230 -1.919700
-7.204860 -0.359050 -0.148410
-7.616560 -0.282450 -0.186700
-8.880400 -0.043090 -0.895220
-9.119770 0.167550 -1.230330
-8.909130 0.454790 -0.866500
-8.775080 0.406920 -0.655860
-9.272960 -0.148410 -0.579260
-9.751690 0.023940 -0.751600
-9.962330 0.521810 -1.172880
-9.751690 0.186700 -0.560110
-7.645290 -0.550540 0.828200
-7.597410 -0.397340 0.464370
-7.913370 -0.493090 1.096290
-8.066570 -0.789900 0.454790
-8.755940 -0.540960 0.512240
-8.621890 -0.196280 1.230330
-7.932520 -0.665430 1.890980
-8.066570 -0.943090 1.843100
-8.631470 -0.675010 1.756930
-8.641040 -0.971820 1.785660
-8.459130 -1.699480 1.699480
-8.449550 -1.776080 1.603740
-8.229340 -1.144160 0.876070
