0.579260 10.144250 1.163310
0.569690 9.617650 0.722880
0.694160 9.474030 0.157980
1.057990 9.359130 -0.148410
1.239910 9.474030 -0.464370
1.345230 9.991050 -0.856920
1.431400 10.239990 -1.345230
1.507990 9.895310 -1.182460
1.747360 9.100620 -0.406920
2.312260 8.449550 -0.205850
2.427150 8.708060 -0.129260
2.264380 9.550620 -0.272870
2.283530 10.048500 -0.253730
2.513320 10.077230 -0.292020
2.542050 10.067650 0.129260
2.235660 9.876160 0.579260
2.168640 9.397430 0.292020
1.785660 9.416580 -0.617560
1.622890 9.751690 -1.211180
1.881400 9.617650 -1.297350
1.709060 9.569770 -1.479270
1.776080 9.569770 -1.383520
1.823950 9.789990 -1.220760
2.034590 9.636790 -1.067560
2.283530 9.263390 -1.105860
2.130340 9.301690 -1.412250
1.919700 9.828290 -1.249480
2.053740 10.259140 -0.799480
2.149490 10.029350 -0.483520
2.130340 9.789990 -0.560110
1.910120 10.192120 -1.182460
1.402670 10.220840 -0.943090
1.699480 9.971900 -1.172880
2.455870 9.751690 -1.134590
2.475020 10.105950 -1.067560
1.450550 10.498510 -1.345230
1.067560 10.690000 -1.507990
1.642040 11.475110 -2.111190
2.101620 11.465540 -2.542050
2.005870 10.594250 -2.369700
1.469690 9.617650 -2.427150
1.488840 9.483600 -2.858010
2.197360 10.824040 -3.987800
2.800560 12.059160 -5.318670
2.283530 11.695330 -5.155900
1.402670 9.952760 -3.767590
1.259050 9.397430 -3.308010
1.728210 10.527230 -4.160150
1.938850 12.260220 -5.481440
1.776080 12.461290 -6.228250
1.948420 10.460210 -5.625050
1.852680 8.564440 -5.213350
1.460120 7.827200 -5.471860
1.192030 8.037840 -5.845270
1.239910 8.459130 -5.835700
1.220760 8.688910 -6.065480
0.445220 9.052750 -7.348470
0.387770 7.970820 -8.842110
1.527140 6.544210 -6.352720
0.818620 9.129340 -6.496340
0.904800 10.642120 -7.281450
0.990970 8.909130 -7.310180
0.722880 7.463370 -7.444220
0.406920 7.712310 -7.606990
-0.234580 8.334650 -7.961250
-0.531390 8.018690 -8.066570
-0.818620 7.185710 -8.315510
-0.445220 5.979310 -8.286780
-0.215430 5.596330 -8.258060
-0.579260 6.142080 -8.009120
-1.182460 6.285700 -7.597410
-1.919700 6.189950 -7.645290
-2.092040 5.395260 -7.702730
-2.465450 4.973980 -7.750610
-2.762260 5.280370 -7.846350
-3.154820 5.203770 -6.553790
-3.911210 4.696320 -5.730370
-4.476110 4.533550 -6.754850
-5.041010 4.638870 -7.539970
-4.686750 4.811220 -6.065480
-4.255890 4.658020 -5.529310
-4.514410 3.911210 -5.050580
-4.906960 3.939930 -6.199530
-6.237830 4.064400 -6.333570
-5.816550 3.671840 -5.768670
-5.491010 3.221840 -5.893140
-4.504830 2.427150 -2.283530
-6.151650 2.819710 -4.543130
-6.247400 4.456960 -5.414410
-6.122930 4.878240 -4.236740
-6.505910 3.298440 -3.470780
-6.965490 3.039920 -3.183540
-7.415500 5.184620 -4.725050
-7.348470 5.423990 -4.160150
-7.176130 3.384610 -3.001620
-6.754850 4.409090 -3.758010
-7.405920 5.165480 -0.914370
-8.641040 3.930360 -5.577180
-7.310180 3.384610 -3.805890
-6.266550 3.499500 -3.470780
-6.716550 3.901630 -5.098450
-7.156980 4.322910 -5.222920
-7.405920 4.839940 -4.782490
-7.243150 4.792070 -4.342060
-5.921870 4.906960 -0.607980
-7.300600 2.714390 -2.350550
-7.702730 2.245230 -4.160150
-7.089960 3.173970 -2.963330
-6.266550 3.767590 -3.719720
-7.243150 3.786740 -3.049500
-8.698490 3.758010 -2.695240
-8.449550 3.968660 -3.116520
-7.875080 4.964410 -3.451630
-6.965490 4.217590 -3.470780
-7.539970 3.279290 -3.173970
-7.731460 3.892060 -2.494170
-6.984640 4.160150 -3.116520
-7.281450 3.738870 -3.327160
-7.779330 4.006950 -2.494170
-8.076140 2.637790 -1.852680
-7.128260 4.188870 -1.440970
-7.185710 3.786740 -0.033510
-7.980400 3.442050 -1.986720
-8.660190 5.883570 -3.480350
-8.880400 4.562280 -1.345230
-8.056990 3.202690 -0.502660
-7.482520 4.600580 -1.527140
-7.712310 5.806970 -3.049500
-8.124010 4.552700 -2.858010
-8.171890 3.059070 -1.469690
-8.181460 3.384610 -1.823950
-8.277210 4.322910 -2.580340
-8.229340 4.820790 -3.375030
-7.626140 4.715470 -1.795230
-7.674010 3.451630 -0.359050
-7.932520 3.317590 -0.617560
-7.836780 4.380360 -3.662270
