1.919700 9.761260 -1.105860
1.900550 9.655940 -0.933520
2.072890 9.627220 -0.828200
2.350550 9.464450 -0.742030
2.360130 9.282540 -0.885650
2.101620 9.502750 -1.144160
1.747360 9.991050 -1.144160
1.642040 10.249570 -0.904800
1.948420 10.871910 -0.694160
2.379280 10.938940 -0.531390
2.398430 11.072980 -0.732450
2.235660 11.053830 -0.579260
2.101620 10.737870 -0.234580
2.206940 10.412330 -0.512240
2.197360 10.421910 -1.852680
1.536720 10.335740 -2.905880
0.445220 10.259140 -2.963330
0.234580 9.454880 -1.306930
0.770750 9.722970 -0.023940
1.517570 10.527230 0.052660
1.986720 10.441060 -0.014360
1.536720 9.722970 -0.502660
0.560110 9.368710 -1.144160
-0.215430 9.474030 -2.589920
-0.914370 9.981480 -4.073980
-1.249480 10.757020 -4.811220
-0.397340 10.766590 -4.150570
0.876070 10.374040 -3.317590
1.335650 10.201690 -2.771840
0.770750 10.067650 -2.589920
0.090960 10.307010 -2.676090
0.052660 10.144250 -2.743110
-0.225000 9.971900 -3.317590
-1.115440 10.345310 -3.461200
-1.622890 10.345310 -2.226090
-1.038840 10.670850 -0.493090
0.177130 10.105950 0.684580
0.301600 9.215510 0.129260
-1.354800 10.067650 -1.527140
-2.427150 11.216600 -2.283530
-1.795230 11.034680 -2.561200
-1.115440 9.119770 -2.005870
-1.709060 8.612320 -3.030350
-2.503750 8.152740 -2.771840
-2.379280 8.995300 -1.718630
-1.527140 9.550620 -1.249480
-1.211180 9.100620 -1.565440
-1.689910 8.574020 -2.542050
-2.589920 8.258060 -2.790980
-2.982480 7.932520 -2.656940
-2.532470 7.645290 -2.130340
-1.737780 7.808050 -1.603740
-2.216510 8.822960 -1.450550
-3.403760 9.368710 -2.321830
-4.141000 9.828290 -3.422910
-3.375030 10.354890 -3.614400
-2.829280 10.527230 -3.221840
-3.451630 10.488930 -2.676090
-4.208020 9.694240 -2.992050
-3.585670 8.372950 -3.528230
-3.039920 7.482520 -3.777160
-4.093120 7.587840 -3.633550
-5.146330 8.325080 -3.662270
-4.418660 7.961250 -4.198450
-4.112270 7.808050 -5.002710
-5.041010 8.095290 -5.471860
-5.050580 7.453800 -4.485680
-4.045250 6.419740 -3.068650
-3.872910 6.668680 -3.068650
-5.318670 7.214430 -3.748440
-5.605900 7.128260 -4.878240
-5.318670 6.649530 -5.270800
-5.347390 5.960160 -4.859090
-6.094210 6.122930 -4.887810
-6.333570 5.797400 -3.997380
-4.993130 5.289940 -3.432480
-6.199530 5.347390 -3.834610
-7.166560 5.893140 -4.591000
-7.348470 5.720800 -4.504830
-5.797400 4.763340 -3.777160
-5.586760 4.141000 -2.513320
-7.530390 5.519730 -3.193120
-8.842110 6.525060 -4.619720
-6.955920 4.409090 -3.662270
-5.318670 3.183540 -2.111190
-8.162310 5.270800 -3.068650
-9.435730 5.998460 -4.476110
-6.189950 3.240990 -2.685660
-6.486770 2.542050 -2.025020
-8.889980 4.026100 -3.403760
-9.780410 5.175050 -3.700570
-6.726130 4.667600 -2.551620
-6.783580 3.566520 -1.096290
-7.109110 3.020770 -0.617560
-7.472940 4.016530 -1.603740
-6.017610 4.370790 -1.670760
-7.022940 3.633550 -2.139910
-7.367620 3.030350 -2.388850
-7.405920 4.083550 -2.216510
-6.869750 3.317590 -1.306930
-6.084630 2.302680 -1.134590
-7.559120 2.465450 -2.226090
-8.191040 3.164390 -2.044170
-7.961250 3.901630 -1.086710
-7.099540 3.394180 -1.871830
-7.808050 3.643120 -2.829280
-9.359130 2.532470 -3.039920
-8.363380 2.388850 -1.249480
-7.875080 2.752690 -0.550540
-8.286780 4.246320 -3.164390
-9.512330 3.844190 -3.413330
-8.928280 2.044170 -1.737780
-8.037840 1.747360 0.081380
-7.674010 3.116520 -1.900550
-8.775080 4.677170 -3.834610
-8.439980 3.509080 -2.034590
-8.583590 2.350550 -1.077140
-8.909130 3.403760 -2.321830
-8.152740 4.064400 -1.756930
-7.769760 3.997380 -1.871830
-8.660190 3.394180 -2.283530
-8.334650 3.796310 -2.283530
-8.171890 3.978230 -1.431400
-7.817630 3.432480 -1.823950
-8.047420 3.059070 -1.890980
-8.296360 3.671840 -2.609070
-8.363380 3.997380 -1.929270
-8.037840 3.949510 -1.862250
-8.305930 3.240990 -1.996300
-7.932520 2.953750 -2.034590
-7.980400 3.528230 -2.034590
-8.708060 4.370790 -2.206940
-8.708060 4.016530 -1.795230
-8.717640 3.432480 -1.699480
-8.277210 3.671840 -1.259050
-8.018690 4.045250 -1.057990
-8.372950 4.093120 -1.900550
