2.905880 9.215510 -2.283530
2.867580 9.368710 -2.369700
2.695240 9.579350 -2.369700
2.580340 9.339980 -2.254810
2.733540 9.119770 -2.254810
2.944180 9.167640 -2.206940
2.915450 9.368710 -2.273960
2.666510 9.560200 -2.408000
2.589920 9.445300 -2.484600
2.714390 9.043170 -2.360130
2.743110 8.889980 -2.283530
2.733540 9.292110 -2.273960
2.925030 9.722970 -2.302680
2.867580 9.588920 -2.455870
2.446300 9.311260 -2.599490
2.388850 9.301690 -2.637790
2.886730 9.493180 -2.494170
2.992050 9.617650 -2.283530
2.819710 9.531480 -1.929270
2.494170 9.474030 -1.958000
2.819710 9.215510 -2.264380
3.576100 9.378280 -2.475020
4.236740 9.924030 -2.197360
3.355880 9.531480 -3.193120
2.340980 8.669760 -4.313340
2.187790 8.564440 -5.127180
2.484600 8.688910 -4.830370
2.618640 9.598500 -4.303770
2.637790 11.178300 -4.562280
3.030350 10.259140 -4.820790
3.135670 8.219760 -5.328240
2.810130 7.013370 -5.548460
2.321830 8.325080 -5.423990
2.293110 10.441060 -5.012280
2.273960 10.268720 -4.543130
2.264380 8.698490 -4.600580
2.312260 7.702730 -5.213350
1.929270 8.162310 -6.036760
0.914370 9.043170 -5.663350
0.406920 9.119770 -5.108030
1.144160 8.497420 -4.715470
1.412250 7.875080 -4.916540
1.278200 8.401680 -5.289940
0.990970 8.507000 -5.739950
0.646280 8.755940 -6.276120
0.540960 9.703820 -6.343150
0.301600 9.761260 -6.151650
0.282450 9.196370 -6.075060
0.129260 8.411250 -7.185710
0.263300 7.578260 -7.760180
0.148410 7.415500 -7.760180
-0.751600 7.166560 -7.597410
-0.971820 7.760180 -7.827200
-0.234580 7.894220 -7.884650
0.186700 6.716550 -7.606990
-0.617560 5.960160 -7.262300
-1.345230 6.946340 -7.635710
-1.000540 7.903800 -7.970820
-0.186700 6.774000 -8.191040
-1.115440 5.787820 -8.459130
-2.551620 6.084630 -8.114440
-3.049500 6.649530 -7.989970
-2.503750 6.113360 -8.526150
-1.900550 4.667600 -8.621890
-2.446300 4.667600 -8.755940
-3.336730 5.615480 -7.836780
-3.020770 5.481440 -5.653780
-2.599490 4.638870 -5.653780
-3.011200 4.658020 -7.559120
-3.240990 4.418660 -9.253810
-3.556950 4.389940 -10.192120
-3.863340 5.041010 -9.387860
-3.690990 4.849520 -7.980400
-4.026100 4.006950 -7.674010
-4.294190 3.308010 -7.980400
-4.897390 3.126090 -9.004870
-5.376120 3.442050 -9.416580
-4.993130 3.987800 -8.047420
-4.571850 4.073980 -6.984640
-4.389940 3.681420 -6.821870
-5.050580 3.135670 -7.712310
-5.548460 3.193120 -8.095290
-5.337820 2.494170 -6.955920
-4.820790 2.542050 -6.458040
-5.318670 2.963330 -7.080390
-5.663350 2.599490 -7.434650
-5.481440 2.704810 -7.310180
-5.854840 2.867580 -6.936770
-6.065480 2.427150 -6.525060
-5.787820 2.398430 -6.812300
-6.199530 2.867580 -6.860170
-6.505910 3.260140 -6.783580
-6.314420 3.030350 -6.276120
-5.826120 2.235660 -6.630380
-6.161230 2.216510 -6.860170
-6.553790 2.475020 -6.333570
-6.065480 2.494170 -5.452710
-6.391020 2.427150 -5.615480
-6.553790 2.762260 -5.423990
-7.022940 3.212260 -6.285700
-7.846350 3.097370 -6.572940
-7.932520 3.039920 -6.371870
-7.291030 2.340980 -5.021860
-6.371870 2.053740 -4.705900
-6.544210 2.273960 -5.433560
-7.195280 2.092040 -5.605900
-7.626140 2.417580 -5.577180
-7.195280 2.082470 -4.849520
-6.448470 1.804800 -4.629300
-6.860170 1.910120 -5.270800
-7.472940 2.216510 -5.452710
-7.712310 2.388850 -5.826120
-8.334650 2.063320 -5.366540
-8.334650 1.603740 -5.079300
-7.760180 1.575020 -4.887810
-7.587840 2.159060 -4.389940
-7.674010 2.206940 -4.638870
-8.009120 1.804800 -5.050580
-7.932520 1.431400 -4.782490
-7.348470 1.153730 -4.064400
-7.281450 1.393100 -4.275040
-8.143160 1.536720 -4.303770
-8.650620 1.881400 -4.322910
-9.014450 1.967570 -4.006950
-8.889980 1.373950 -3.748440
-8.621890 1.278200 -3.738870
-7.721880 1.364370 -3.777160
-8.382530 1.910120 -4.064400
-8.698490 1.555870 -3.681420
-8.497420 1.316500 -3.614400
-7.980400 1.010120 -3.585670
-8.219760 1.096290 -3.911210
-8.133590 1.278200 -3.394180
-7.875080 1.259050 -3.451630
-8.353800 1.038840 -3.576100
-8.325080 1.067560 -3.212260
-8.526150 1.402670 -3.528230
