2.695240 9.809140 -2.245230
2.637790 9.627220 -2.120770
2.599490 9.445300 -2.005870
2.685660 9.196370 -1.843100
2.714390 9.378280 -1.958000
2.656940 9.742120 -2.178210
2.532470 10.086800 -2.312260
2.465450 9.952760 -2.226090
2.570770 9.560200 -2.092040
2.589920 9.234660 -2.216510
2.484600 9.014450 -2.369700
2.369700 9.378280 -2.312260
2.475020 9.809140 -2.015450
2.599490 10.670850 -2.101620
2.609070 10.632550 -1.919700
2.273960 10.431480 -1.958000
1.890980 10.086800 -2.025020
1.900550 9.675090 -2.053740
2.063320 9.588920 -2.925030
1.938850 9.627220 -3.221840
1.689910 9.866590 -2.915450
1.440970 10.795320 -2.417580
1.373950 11.417660 -2.264380
1.507990 11.245320 -2.513320
1.421820 10.220840 -3.375030
0.761180 9.416580 -4.093120
0.167550 9.560200 -3.901630
0.186700 10.239990 -3.566520
0.607980 9.857010 -3.288860
0.732450 9.186790 -3.796310
0.215430 8.995300 -4.389940
-0.167550 9.368710 -4.332490
0.023940 9.588920 -3.662270
0.397340 9.569770 -3.537800
0.062230 9.416580 -3.949510
-0.761180 9.789990 -4.543130
-1.316500 10.517650 -5.021860
-1.096290 10.460210 -4.945260
-0.703730 9.703820 -4.610150
-0.770750 8.784660 -4.169720
-1.211180 8.832530 -4.456960
-1.450550 8.688910 -4.275040
-1.144160 8.554870 -3.882480
-1.134590 8.918700 -3.939930
-1.795230 9.684670 -4.236740
-2.312260 9.483600 -4.887810
-2.417580 8.775080 -5.012280
-1.862250 7.951670 -4.389940
-1.747360 8.238910 -3.595250
-2.475020 8.966580 -3.346310
-3.240990 9.675090 -4.236740
-2.762260 8.401680 -4.926110
-1.890980 7.042090 -4.973980
-1.967570 7.425070 -4.772920
-2.704810 8.238910 -4.121850
-2.867580 8.621890 -3.710140
-2.379280 8.095290 -3.997380
-2.216510 6.802730 -4.409090
-3.097370 7.262300 -4.246320
-3.834610 8.593170 -3.882480
-3.834610 8.880400 -4.571850
-3.442050 7.884650 -5.146330
-3.068650 6.917620 -4.648450
-2.944180 7.128260 -4.035680
-3.116520 7.300600 -4.332490
-3.451630 6.946340 -5.127180
-3.815460 6.706980 -4.906960
-3.997380 6.678260 -4.054830
-4.064400 7.080390 -3.968660
-4.217590 7.310180 -5.012280
-4.734620 7.195280 -6.142080
-5.194200 6.697400 -5.605900
-5.309090 7.233580 -4.868660
-4.763340 7.913370 -4.954840
-5.108030 7.884650 -6.008040
-5.739950 6.955920 -5.816550
-5.098450 5.605900 -4.093120
-4.476110 6.132510 -3.777160
-5.548460 8.056990 -4.772920
-6.410170 7.760180 -6.285700
-5.596330 5.242070 -6.276120
-3.939930 3.614400 -4.255890
-4.476110 5.222920 -3.997380
-7.099540 7.214430 -5.050580
-7.386770 6.697400 -5.586760
-5.596330 4.188870 -4.361210
-4.418660 3.834610 -3.566520
-6.764430 6.304850 -4.906960
-8.574020 7.377200 -6.209100
-6.706980 4.868660 -4.428230
-3.710140 2.905880 -2.408000
-6.774000 5.146330 -4.725050
-9.177220 6.084630 -6.783580
-7.013370 4.083550 -4.993130
-4.514410 2.446300 -2.226090
-6.295270 3.499500 -2.790980
-9.416580 5.500590 -5.500590
-7.808050 4.667600 -5.203770
-4.887810 2.867580 -2.494170
-5.826120 2.226090 -1.172880
-9.761260 4.428230 -3.614400
-9.177220 5.146330 -4.686750
-6.438890 4.112270 -3.394180
-5.873990 3.269710 -1.910120
-7.233580 3.442050 -2.101620
-9.713390 5.337820 -4.179300
-7.425070 4.638870 -3.116520
-5.873990 3.633550 -1.871830
-8.478270 2.905880 -1.843100
-9.177220 4.389940 -3.987800
-8.171890 5.232500 -2.992050
-7.176130 4.514410 -2.044170
-8.698490 2.819710 -2.168640
-8.708060 2.972900 -2.963330
-9.110190 4.476110 -2.790980
-7.942100 5.299520 -2.235660
-8.296360 4.686750 -2.082470
-7.338900 3.604820 -2.790980
-8.420830 4.054830 -3.068650
-7.712310 3.087800 -2.015450
-7.817630 2.475020 -2.408000
-8.191040 2.369700 -2.944180
-8.459130 3.690990 -3.662270
-7.415500 3.260140 -2.723960
-7.022940 2.360130 -1.747360
-7.827200 2.455870 -2.293110
-8.727210 3.758010 -3.480350
-8.219760 4.073980 -2.752690
-7.530390 3.164390 -1.910120
-7.942100 1.929270 -2.005870
-8.171890 2.925030 -2.723960
-7.712310 3.413330 -2.609070
-7.865500 3.011200 -2.762260
-7.894220 1.862250 -1.699480
-7.932520 2.925030 -2.580340
-8.727210 4.772920 -3.738870
-7.970820 4.006950 -3.260140
