2.053740 9.627220 -1.546290
2.063320 9.627220 -1.613310
1.977150 9.646370 -1.670760
1.948420 9.579350 -1.584590
1.986720 9.598500 -1.575020
2.025020 9.598500 -1.613310
2.044170 9.636790 -1.718630
2.015450 9.617650 -1.718630
1.996300 9.598500 -1.709060
1.958000 9.541050 -1.594160
1.986720 9.598500 -1.555870
1.977150 9.541050 -1.565440
1.996300 9.569770 -1.661190
2.159060 9.780410 -1.804800
2.111190 9.770840 -1.795230
1.785660 9.617650 -1.843100
1.536720 9.531480 -1.766510
1.718630 9.627220 -1.622890
2.168640 9.694240 -1.402670
2.254810 9.608070 -1.306930
1.977150 9.608070 -1.239910
1.718630 9.483600 -1.038840
1.680340 9.474030 -0.876070
1.862250 9.569770 -0.799480
2.063320 9.761260 -0.943090
1.967570 10.010200 -1.278200
1.699480 10.077230 -1.622890
1.594160 10.038930 -1.977150
1.594160 10.345310 -2.484600
1.632460 10.431480 -2.427150
1.354800 10.259140 -2.187790
1.057990 9.943180 -2.053740
1.278200 9.435730 -2.034590
1.613310 9.272960 -2.704810
1.661190 9.320830 -2.656940
1.383520 10.220840 -2.206940
1.259050 10.508080 -1.287780
1.632460 9.646370 -1.651610
2.072890 9.158070 -2.963330
2.331410 9.397430 -3.451630
2.111190 10.527230 -3.509080
1.555870 10.929360 -3.748440
0.780330 10.804890 -4.160150
0.435640 10.977230 -4.945260
0.761180 10.680420 -5.423990
1.010120 10.163400 -5.998460
0.828200 9.349560 -6.477190
0.435640 9.215510 -7.271880
0.196280 8.976150 -7.386770
0.234580 8.478270 -6.582510
0.454790 8.478270 -5.988890
0.560110 8.229340 -5.634630
0.339900 8.066570 -6.324000
-0.119680 8.085720 -6.946340
-0.607980 8.487850 -6.831450
-0.579260 9.091040 -6.324000
-0.531390 8.602740 -5.711230
-0.904800 8.028270 -6.946340
-1.737780 8.143160 -7.817630
-2.130340 9.234660 -7.501670
-1.766510 8.650620 -7.271880
-1.546290 6.898470 -8.210190
-1.871830 6.381440 -9.378280
-2.264380 7.089960 -8.803810
-2.034590 7.348470 -7.367620
-1.967570 6.917620 -6.812300
-2.293110 5.739950 -6.812300
-2.982480 5.242070 -7.721880
-2.896300 5.242070 -8.880400
-2.312260 4.217590 -8.114440
-2.934600 3.920780 -7.559120
-4.073980 4.409090 -7.492090
-4.715470 5.538880 -7.511240
-4.275040 5.969740 -6.659110
-2.513320 4.045250 -5.318670
-3.116520 4.581430 -5.060160
-4.887810 7.042090 -6.419740
-5.787820 7.013370 -6.946340
-4.495260 5.127180 -6.706980
-3.116520 3.652690 -5.251650
-4.983560 5.337820 -5.510160
-7.042090 6.314420 -6.189950
-5.759100 5.012280 -6.151650
-4.169720 3.968660 -4.945260
-4.562280 4.543130 -4.198450
-6.410170 6.122930 -5.768670
-6.975070 6.343150 -6.553790
-4.983560 4.734620 -5.136750
-4.188870 3.844190 -3.499500
-6.496340 5.031430 -3.451630
-7.712310 6.247400 -5.031430
-6.525060 5.672930 -5.778250
-4.409090 3.930360 -3.805890
-4.610150 3.509080 -2.676090
-7.453800 5.012280 -5.175050
-9.253810 6.218680 -6.946340
-6.094210 3.729290 -4.294190
-4.342060 1.239910 -2.120770
-7.147410 1.910120 -3.968660
-9.186790 3.853760 -6.419740
-7.185710 3.825040 -4.418660
-4.188870 1.910120 -1.766510
-7.444220 2.484600 -3.566520
-9.732540 3.930360 -6.458040
-8.487850 3.930360 -4.811220
-5.318670 2.599490 -2.226090
-7.051660 1.469690 -2.293110
-8.870830 2.111190 -4.265470
-8.669760 3.595250 -4.294190
-7.472940 3.518650 -1.776080
-6.716550 2.379280 -1.125010
-8.765510 1.804800 -2.120770
-10.220840 3.202690 -4.284620
-9.397430 3.623970 -2.302680
-7.616560 3.231410 -0.713300
-9.234660 2.331410 -2.264380
-9.129340 2.350550 -3.987800
-8.344230 3.068650 -3.269710
-7.080390 2.417580 -1.057990
-7.731460 2.063320 -0.780330
-8.554870 2.542050 -2.628220
-8.286780 3.212260 -3.030350
-7.654860 2.618640 -1.766510
-7.396350 2.685660 -0.837770
-7.961250 3.221840 -2.264380
-8.420830 3.221840 -4.504830
-8.028270 3.499500 -3.968660
-8.009120 2.072890 -2.254810
-7.913370 2.637790 -1.680340
-8.851680 3.681420 -2.771840
-8.487850 4.045250 -3.078220
-8.238910 4.533550 -2.360130
-7.913370 3.365460 -0.895220
-8.459130 3.087800 -0.962240
-9.177220 4.801640 -2.858010
-8.708060 4.801640 -2.226090
-8.507000 3.499500 -1.182460
