1.479270 9.454880 -2.206940
1.431400 9.608070 -2.302680
1.498420 9.588920 -2.379280
1.555870 9.694240 -2.331410
1.460120 9.818710 -2.360130
1.450550 9.608070 -2.388850
1.450550 9.330410 -2.388850
1.393100 9.272960 -2.513320
1.431400 9.378280 -2.522900
1.527140 9.588920 -2.455870
1.479270 9.828290 -2.446300
1.431400 9.828290 -2.417580
1.450550 9.608070 -2.561200
1.440970 9.368710 -2.647370
1.431400 9.330410 -2.656940
1.450550 9.435730 -2.666510
1.345230 9.598500 -2.609070
1.287780 9.675090 -2.628220
1.383520 9.617650 -2.685660
1.460120 9.502750 -2.676090
1.412250 9.368710 -2.714390
1.440970 9.330410 -2.714390
1.373950 9.407000 -2.723960
1.345230 9.531480 -2.781410
1.306930 9.675090 -2.771840
1.383520 9.579350 -2.800560
1.421820 9.349560 -2.762260
1.306930 9.282540 -2.810130
1.335650 9.435730 -2.867580
1.431400 9.454880 -2.829280
1.383520 9.502750 -2.800560
1.268630 9.502750 -2.867580
1.297350 9.636790 -2.800560
1.373950 9.713390 -2.858010
1.450550 9.598500 -2.886730
1.297350 9.330410 -2.896300
1.144160 9.359130 -2.810130
1.373950 9.732540 -2.896300
1.383520 10.594250 -3.049500
1.153730 10.967660 -3.039920
0.914370 10.402760 -3.279290
0.971820 9.684670 -3.432480
1.172880 9.694240 -3.221840
1.249480 10.718720 -3.212260
0.962240 11.609150 -2.953750
0.646280 11.484690 -2.340980
0.579260 10.948510 -2.992050
0.426070 10.546380 -4.332490
0.311170 9.205940 -5.270800
-0.100530 7.922950 -5.519730
-0.933520 8.200610 -6.467620
-1.756930 8.325080 -6.630380
-1.737780 9.359130 -6.831450
-1.421820 9.895310 -6.659110
-0.876070 7.970820 -6.687830
-0.483520 5.759100 -6.668680
-0.732450 4.456960 -6.697400
-1.153730 4.600580 -6.936770
-1.594160 5.012280 -6.869750
-1.890980 5.644200 -6.764430
-2.398430 6.611230 -7.664440
-3.173970 7.922950 -8.487850
-3.738870 8.085720 -8.478270
-3.528230 6.237830 -7.329330
-3.480350 4.591000 -7.291030
-4.255890 4.581430 -7.989970
-5.222920 4.839940 -8.746360
-5.845270 5.021860 -9.617650
-5.491010 5.768670 -9.991050
-4.514410 5.768670 -9.205940
-4.437810 3.939930 -7.961250
-5.136750 2.800560 -6.620810
-5.941020 2.829280 -6.860170
-6.036760 2.139910 -7.664440
-5.672930 0.751600 -7.769760
-6.008040 0.138830 -6.084630
-6.525060 0.196280 -5.347390
-7.013370 0.148410 -5.251650
-7.530390 0.502660 -6.295270
-7.539970 0.780330 -6.860170
-8.238910 -0.282450 -7.156980
-7.760180 -0.215430 -6.850600
-7.042090 0.732450 -6.467620
-7.511240 0.828200 -5.854840
-8.401680 -0.052660 -5.768670
-8.593170 -1.642040 -5.289940
-8.526150 -1.938850 -5.021860
-8.430400 -0.923950 -3.901630
-8.009120 -0.416490 -2.810130
-8.219760 -1.575020 -3.059070
-7.520820 -1.670760 -2.647370
-7.645290 -1.967570 -2.187790
-7.463370 -2.092040 -2.522900
-7.836780 -1.747360 -3.470780
-9.062320 -1.479270 -3.365460
-8.392100 -1.958000 -2.647370
-8.009120 -1.814380 -1.651610
-7.827200 -1.488840 -1.326080
-8.411250 -1.000540 -1.488840
-8.449550 -0.933520 -1.239910
-8.095290 -1.555870 -0.818620
-7.808050 -1.890980 -1.038840
-8.985730 -1.555870 -1.211180
-9.234660 -1.431400 -1.536720
-9.052750 -1.163310 -2.092040
-8.047420 -1.373950 -1.412250
-7.358050 -2.446300 -1.297350
-7.798480 -3.135670 -0.799480
-8.095290 -2.790980 -0.904800
-8.305930 -2.542050 -0.943090
-7.329330 -2.819710 -0.904800
-6.831450 -3.403760 -1.316500
-7.664440 -2.867580 -1.977150
-7.702730 -3.892060 -1.373950
-7.721880 -4.485680 -1.718630
-7.606990 -4.342060 -1.211180
-8.066570 -3.853760 -1.680340
-7.903800 -3.758010 -2.273960
-8.353800 -4.045250 -2.015450
-8.037840 -4.083550 -1.910120
-6.965490 -4.591000 -1.814380
-7.367620 -4.638870 -1.804800
-8.095290 -4.476110 -1.460120
-8.631470 -4.045250 -1.192030
-8.641040 -3.949510 -1.785660
-8.277210 -3.968660 -1.804800
-8.181460 -4.054830 -1.546290
-7.788900 -4.208020 -0.933520
-8.545290 -3.882480 -1.182460
-7.903800 -4.102700 -1.163310
-7.712310 -4.102700 -0.866500
-7.980400 -4.093120 -1.766510
-7.568690 -4.026100 -1.890980
-8.286780 -4.677170 -1.440970
-8.133590 -5.471860 -0.014360
-8.554870 -6.812300 1.527140
-8.717640 -6.295270 0.521810
