1.316500 9.636790 0.895220
1.354800 9.608070 0.837770
1.287780 9.636790 0.866500
1.297350 9.627220 0.876070
1.306930 9.627220 0.904800
1.297350 9.569770 0.876070
1.268630 9.646370 0.885650
1.287780 9.703820 0.885650
1.373950 9.665520 0.885650
1.297350 9.541050 0.837770
1.239910 9.617650 0.789900
1.316500 9.675090 0.818620
1.364370 9.655940 0.837770
1.335650 9.569770 0.856920
1.259050 9.569770 0.847350
1.316500 9.665520 0.876070
1.364370 9.722970 0.943090
1.249480 9.521900 0.828200
1.192030 9.569770 0.770750
1.239910 9.636790 0.789900
1.316500 9.646370 0.856920
1.345230 9.703820 1.000540
1.306930 9.722970 1.029270
1.220760 9.588920 0.885650
1.125010 9.550620 0.828200
1.192030 9.598500 0.799480
1.306930 9.636790 0.923950
1.373950 9.636790 0.990970
1.297350 9.617650 0.971820
1.239910 9.684670 0.876070
1.354800 9.914460 1.067560
1.383520 10.010200 1.575020
1.613310 10.249570 2.245230
1.919700 10.431480 2.790980
1.833530 10.412330 2.293110
1.335650 9.435730 -0.071810
0.799480 10.910210 -0.876070
0.483520 11.685750 -1.010120
0.531390 11.446390 -0.876070
0.722880 11.341070 -1.287780
0.703730 12.145330 -2.120770
0.416490 12.815550 -2.944180
0.196280 13.255980 -3.135670
0.071810 12.604910 -2.656940
-0.138830 12.729380 -3.097370
-0.378200 12.346400 -3.317590
-0.751600 11.972990 -2.858010
-0.607980 11.436810 -4.102700
1.038840 10.220840 -3.614400
1.871830 10.881490 -3.193120
0.483520 11.379360 -2.609070
-1.067560 11.408090 -3.796310
-1.402670 9.378280 -4.868660
-0.847350 7.635710 -4.437810
-0.675010 8.104870 -4.638870
-1.316500 9.407000 -4.839940
-2.676090 7.367620 -5.471860
-2.350550 6.687830 -5.510160
-3.384610 7.405920 -6.247400
-3.911210 6.975070 -6.094210
-2.762260 6.486770 -4.916540
-2.723960 7.089960 -4.792070
-3.518650 7.415500 -5.548460
-3.288860 7.080390 -5.385690
-3.269710 7.156980 -4.801640
-3.518650 7.166560 -4.945260
-4.035680 7.463370 -5.136750
-4.016530 6.965490 -4.284620
-4.006950 7.262300 -3.815460
-4.102700 7.587840 -4.380360
-4.562280 7.262300 -5.242070
-5.136750 7.032510 -4.638870
-5.117600 5.979310 -3.394180
-5.404840 5.625050 -2.781410
-5.184620 6.151650 -3.853760
-4.792070 6.036760 -4.523980
-4.361210 5.759100 -3.690990
-5.491010 6.084630 -3.959080
-6.055910 5.682500 -3.480350
-4.906960 4.552700 -2.609070
-4.552700 5.481440 -3.480350
-4.782490 5.050580 -2.589920
-4.533550 3.346310 -1.594160
-4.370790 3.308010 -2.226090
-4.772920 4.887810 -3.288860
-5.423990 4.696320 -2.992050
-5.778250 3.968660 -2.972900
-5.787820 3.949510 -3.097370
-6.410170 3.815460 -2.972900
-7.070810 3.690990 -4.112270
-7.338900 3.930360 -4.006950
-7.405920 3.767590 -2.934600
-7.348470 3.183540 -2.532470
-7.396350 4.093120 -3.671840
-7.788900 4.619720 -4.141000
-7.980400 4.456960 -4.073980
-7.769760 4.533550 -3.729290
-7.578260 4.437810 -3.260140
-7.559120 4.495260 -3.375030
-7.635710 4.792070 -4.006950
-7.606990 4.571850 -3.805890
-7.769760 4.246320 -2.992050
-7.712310 4.533550 -3.547370
-7.626140 4.734620 -3.844190
-7.606990 4.160150 -3.413330
-7.635710 3.901630 -2.829280
-7.683580 4.265470 -3.164390
-7.635710 4.782490 -4.006950
-7.626140 4.705900 -4.121850
-7.750610 4.073980 -3.039920
-7.855930 3.892060 -2.609070
-7.721880 4.533550 -3.796310
-7.434650 4.954840 -4.686750
-7.396350 4.658020 -3.978230
-7.463370 3.911210 -3.059070
-7.530390 4.255890 -3.001620
-7.587840 4.686750 -3.920780
-7.693160 4.686750 -4.064400
-7.865500 4.179300 -3.193120
-7.855930 4.227170 -2.963330
-7.683580 4.571850 -3.892060
-7.597410 4.523980 -4.064400
-7.587840 3.853760 -3.585670
-7.721880 3.901630 -3.260140
-7.520820 4.141000 -3.643120
-7.520820 4.322910 -3.719720
-7.520820 3.882480 -3.815460
-7.587840 3.690990 -3.355880
-7.635710 3.949510 -3.509080
-7.674010 4.543130 -3.815460
-7.741030 4.246320 -3.796310
-7.817630 3.872910 -3.336730
-8.009120 3.911210 -2.867580
-7.894220 4.332490 -3.394180
-7.808050 4.370790 -3.844190
-7.798480 4.476110 -3.585670
-7.798480 4.313340 -3.145240
