1.278200 9.789990 -1.393100
1.249480 9.828290 -1.440970
1.192030 9.799560 -1.536720
1.220760 9.646370 -1.555870
1.297350 9.608070 -1.421820
1.316500 9.636790 -1.383520
1.287780 9.751690 -1.412250
1.297350 9.818710 -1.507990
1.335650 9.789990 -1.565440
1.172880 9.608070 -1.699480
1.105860 9.694240 -1.594160
1.316500 9.857010 -1.287780
1.393100 9.885730 -1.440970
1.383520 9.684670 -1.986720
1.373950 9.761260 -2.063320
1.326080 10.000630 -1.402670
1.402670 10.460210 -0.904800
1.804800 10.508080 -0.665430
1.709060 10.144250 -1.115440
1.460120 9.952760 -1.747360
1.373950 10.000630 -2.120770
1.230330 9.981480 -2.752690
1.469690 10.096370 -2.838860
1.938850 9.943180 -2.312260
2.120770 9.742120 -1.910120
2.025020 9.579350 -1.929270
2.034590 9.713390 -2.589920
2.235660 9.809140 -3.145240
2.465450 9.550620 -2.925030
2.656940 9.186790 -2.858010
2.656940 9.110190 -3.202690
2.417580 9.857010 -4.131420
2.168640 10.354890 -4.830370
2.206940 10.134670 -4.370790
2.618640 9.464450 -4.169720
2.752690 8.985730 -4.734620
2.723960 9.158070 -5.069730
2.810130 9.407000 -4.610150
2.561200 9.512330 -4.447380
2.580340 8.937850 -4.246320
2.925030 8.822960 -4.093120
2.915450 9.349560 -4.313340
0.962240 7.415500 -5.873990
0.722880 7.022940 -4.581430
1.105860 8.430400 -4.409090
1.172880 9.943180 -5.021860
1.469690 9.272960 -5.663350
1.507990 7.884650 -5.711230
1.402670 7.415500 -6.716550
1.938850 7.367620 -7.712310
2.149490 7.022940 -8.277210
2.235660 7.042090 -8.363380
2.120770 7.674010 -8.459130
2.101620 7.425070 -8.535720
1.929270 7.051660 -8.459130
1.575020 7.080390 -8.583590
1.230330 7.252730 -7.721880
1.287780 6.802730 -8.238910
1.163310 6.841020 -8.842110
0.119680 8.009120 -9.100620
-0.253730 8.516570 -9.809140
-0.148410 7.951670 -9.244240
-0.694160 6.553790 -8.267630
-1.412250 5.299520 -8.353800
-1.699480 4.064400 -7.492090
-1.967570 3.308010 -6.888900
-2.216510 3.308010 -7.224010
-2.417580 4.447380 -8.334650
-2.187790 5.902720 -8.219760
-2.206940 6.142080 -7.654860
-1.958000 6.429320 -6.611230
-2.532470 6.352720 -6.391020
-3.221840 5.730370 -6.333570
-3.892060 5.423990 -6.505910
-3.461200 4.696320 -6.429320
-3.968660 4.006950 -7.683580
-4.083550 4.035680 -8.813380
-3.758010 4.255890 -8.382530
-3.729290 5.299520 -8.076140
-3.786740 5.567610 -7.281450
-4.447380 4.150570 -7.377200
-4.514410 4.093120 -6.965490
-4.686750 4.313340 -7.693160
-4.179300 4.303770 -7.970820
-4.284620 3.413330 -8.104870
-4.926110 2.838860 -8.095290
-5.041010 3.997380 -8.305930
-3.959080 5.203770 -5.778250
-4.437810 3.260140 -4.619720
-5.337820 2.293110 -6.611230
-4.782490 3.011200 -5.261220
-5.069730 4.389940 -5.318670
-5.232500 3.604820 -6.572940
-6.132510 2.838860 -7.386770
-5.864420 3.518650 -6.697400
-6.094210 2.685660 -6.391020
-4.734620 2.446300 -4.897390
-5.950590 3.595250 -4.456960
-5.787820 4.150570 -6.199530
-5.969740 3.327160 -6.429320
-5.299520 3.432480 -4.830370
-6.113360 2.838860 -4.217590
-6.793150 2.637790 -5.778250
-6.084630 4.188870 -5.558030
-5.845270 4.227170 -5.605900
-5.653780 3.518650 -6.314420
-5.759100 3.939930 -5.471860
-5.577180 3.939930 -5.261220
-6.687830 3.154820 -4.849520
-6.917620 2.800560 -5.108030
-6.659110 3.719720 -3.997380
-6.391020 2.838860 -3.231410
-6.448470 2.599490 -3.930360
-8.028270 4.437810 -5.395260
-8.698490 4.169720 -4.744190
-8.497420 3.221840 -4.073980
-7.099540 3.662270 -4.543130
-6.716550 5.194200 -5.787820
-8.047420 4.772920 -4.054830
-8.191040 1.804800 -3.805890
-7.013370 2.723960 -3.537800
-6.525060 4.476110 -4.102700
-7.070810 2.733540 -3.825040
-8.133590 2.618640 -3.030350
-8.124010 3.825040 -2.695240
-7.559120 4.916540 -3.901630
-6.879320 5.577180 -4.006950
-6.228250 1.699480 -4.811220
-7.626140 1.910120 -2.561200
-7.472940 3.700570 -2.848430
-7.214430 4.610150 -4.839940
-6.802730 5.232500 -5.194200
-7.568690 3.116520 -3.059070
-8.593170 3.298440 -2.513320
-7.597410 5.653780 -4.131420
-6.831450 5.682500 -5.328240
-6.678260 4.208020 -3.461200
