2.513320 9.588920 -1.105860
2.331410 8.861260 -1.057990
1.737780 9.004870 -1.182460
1.996300 9.004870 -0.952670
2.187790 9.435730 -0.675010
1.996300 9.598500 -0.483520
1.852680 9.991050 -0.110110
1.756930 9.847440 -0.215430
1.718630 9.569770 -0.713300
1.546290 9.665520 -0.828200
1.373950 9.780410 -0.818620
1.804800 9.435730 -0.732450
2.063320 9.407000 -0.713300
1.814380 9.742120 -0.799480
1.747360 10.105950 -0.847350
1.967570 10.182540 -0.856920
1.823950 10.125100 -1.000540
1.546290 9.991050 -1.220760
1.326080 10.249570 -1.067560
1.603740 10.268720 -0.684580
1.594160 10.402760 -0.990970
1.354800 10.575100 -1.929270
1.412250 10.728290 -2.408000
1.555870 10.498510 -2.340980
1.479270 10.010200 -1.823950
1.153730 9.924030 -1.383520
1.172880 10.249570 -1.364370
1.642040 10.613400 -2.340980
1.823950 11.580430 -4.313340
1.326080 11.963410 -5.443140
0.914370 11.015530 -4.945260
2.015450 9.761260 -3.710140
2.771840 9.962330 -3.623970
2.542050 11.111280 -5.222920
0.866500 11.321920 -6.544210
-1.239910 10.450630 -6.764430
-0.225000 8.267630 -5.318670
2.331410 7.769760 -3.384610
2.704810 8.669760 -2.781410
0.349470 9.560200 -4.217590
-0.359050 10.584680 -5.567610
0.588840 10.632550 -4.255890
0.483520 9.541050 -4.772920
0.253730 7.568690 -5.232500
1.211180 5.567610 -3.068650
1.555870 6.438890 -2.829280
1.460120 8.554870 -3.978230
1.651610 8.468700 -4.763340
1.546290 7.827200 -5.452710
2.025020 7.635710 -5.931440
1.804800 8.296360 -6.132510
1.900550 8.918700 -6.802730
2.829280 9.062320 -8.085720
3.126090 8.765510 -8.669760
2.350550 7.970820 -8.258060
1.498420 7.654860 -7.606990
1.278200 8.277210 -7.597410
1.000540 8.612320 -7.674010
0.981390 8.238910 -8.861260
1.096290 8.056990 -9.493180
1.833530 7.903800 -9.857010
1.852680 7.396350 -9.387860
0.732450 7.271880 -7.989970
0.244150 8.056990 -8.526150
0.081380 8.669760 -8.171890
-0.445220 8.976150 -7.932520
-0.311170 8.468700 -8.420830
-0.732450 7.961250 -8.124010
-0.971820 6.927190 -6.611230
-2.063320 6.046330 -7.281450
-2.781410 5.232500 -6.812300
-3.011200 4.954840 -6.438890
-3.173970 4.629300 -5.931440
-3.585670 4.610150 -5.864420
-4.064400 5.433560 -6.448470
-4.523980 6.036760 -5.998460
-4.073980 5.558030 -5.414410
-3.604820 4.418660 -5.041010
-3.652690 4.073980 -5.567610
-4.495260 4.361210 -6.659110
-4.973980 4.016530 -6.438890
-4.361210 3.509080 -5.720800
-3.853760 3.470780 -5.653780
-4.409090 3.892060 -6.391020
-4.916540 4.169720 -6.055910
-5.720800 4.610150 -6.774000
-5.864420 4.389940 -6.525060
-5.242070 4.150570 -6.075060
-5.778250 4.141000 -6.659110
-7.042090 3.911210 -7.453800
-6.371870 3.250560 -5.854840
-4.437810 2.992050 -3.949510
-5.146330 3.585670 -4.543130
-7.405920 3.537800 -5.002710
-7.616560 3.652690 -6.371870
-6.046330 3.394180 -4.753770
-4.217590 3.700570 -3.049500
-5.309090 3.939930 -5.069730
-7.386770 3.384610 -5.414410
-7.693160 2.618640 -5.222920
-6.601660 2.589920 -4.342060
-4.859090 3.480350 -3.825040
-5.443140 3.595250 -3.690990
-7.252730 2.877160 -4.322910
-7.425070 3.633550 -5.883570
-6.898470 3.892060 -3.758010
-7.310180 3.853760 -5.270800
-7.664440 3.461200 -3.202690
-6.113360 3.671840 -2.589920
-7.338900 4.504830 -4.485680
-7.846350 3.652690 -4.686750
-7.367620 3.183540 -5.222920
-7.338900 2.551620 -1.488840
-7.080390 3.346310 -3.346310
-6.783580 4.236740 -2.953750
-7.549540 3.528230 -3.643120
-8.133590 3.451630 -4.026100
-7.712310 3.221840 -2.838860
-7.894220 3.116520 -2.503750
-7.903800 3.853760 -1.709060
-7.875080 3.710140 -4.447380
-7.894220 3.892060 -4.610150
-7.693160 4.782490 -4.045250
-6.371870 4.141000 -3.509080
-6.276120 2.609070 -3.623970
-8.162310 3.250560 -4.093120
-8.803810 4.811220 -3.039920
-7.865500 4.792070 -2.886730
-7.329330 3.308010 -2.005870
-7.597410 2.561200 -2.082470
-8.171890 3.413330 -2.388850
-8.037840 3.959080 -2.465450
-7.827200 3.758010 -2.570770
-7.788900 3.566520 -1.699480
-8.468700 4.006950 -1.900550
-8.401680 4.993130 -2.092040
-7.922950 3.987800 -2.206940
