1.125010 8.813380 3.719720
1.125010 8.593170 3.614400
0.962240 8.392100 3.547370
0.828200 8.363380 3.547370
0.732450 8.430400 3.585670
0.607980 8.545290 3.652690
0.617560 8.679340 3.796310
0.636710 8.755940 3.882480
0.655860 8.842110 3.901630
0.617560 8.832530 3.959080
0.607980 8.765510 3.978230
0.588840 8.755940 3.949510
0.483520 8.784660 4.035680
0.406920 8.813380 4.112270
0.359050 8.909130 4.121850
0.406920 8.803810 4.246320
0.598410 8.459130 4.533550
0.761180 8.353800 5.012280
0.866500 8.957000 5.519730
0.856920 9.512330 6.209100
0.933520 9.407000 6.410170
0.876070 9.541050 5.941020
0.560110 10.058080 5.127180
0.263300 9.924030 4.217590
0.263300 9.502750 3.250560
0.397340 8.612320 1.938850
0.311170 8.937850 1.249480
0.138830 9.541050 1.326080
0.167550 9.818710 1.958000
0.454790 10.335740 2.618640
0.732450 10.594250 2.963330
0.636710 10.536800 2.599490
0.100530 10.326160 1.622890
-0.493090 10.230420 0.617560
-0.847350 10.287870 0.062230
-0.856920 10.345310 0.521810
-0.607980 9.971900 1.163310
-0.521810 9.722970 1.019690
-0.713300 9.531480 0.694160
-1.115440 8.966580 0.675010
-1.527140 9.071900 0.521810
-1.795230 9.904880 0.225000
-1.651610 9.895310 -0.033510
-1.479270 9.426150 -0.320750
-1.383520 8.602740 -0.799480
-1.211180 8.210190 -0.856920
-0.885650 7.980400 -0.943090
-1.182460 8.564440 -1.670760
-1.852680 9.014450 -2.025020
-1.919700 8.928280 -1.948420
-1.527140 9.924030 -1.919700
-1.536720 10.220840 -1.804800
-1.890980 9.301690 -2.618640
-2.264380 8.583590 -3.566520
-2.197360 7.712310 -3.844190
-1.632460 7.549540 -3.825040
-2.015450 8.210190 -4.275040
-3.317590 8.947430 -4.696320
-3.834610 9.378280 -4.820790
-3.020770 9.349560 -4.150570
-2.848430 8.957000 -3.968660
-3.260140 9.091040 -4.409090
-3.892060 9.617650 -4.581430
-3.786740 9.330410 -4.188870
-3.202690 8.755940 -4.006950
-3.767590 8.468700 -4.696320
-4.686750 8.794230 -5.270800
-5.663350 9.866590 -4.916540
-4.638870 9.588920 -3.509080
-2.714390 8.794230 -2.618640
-2.915450 8.229340 -2.838860
-4.093120 7.616560 -3.001620
-4.428230 7.453800 -2.972900
-4.849520 7.798480 -3.317590
-4.619720 8.104870 -3.882480
-5.175050 7.798480 -3.805890
-5.041010 6.582510 -3.308010
-4.188870 6.199530 -2.934600
-5.041010 7.070810 -3.183540
-5.510160 7.846350 -3.308010
-5.098450 7.367620 -3.001620
-5.136750 7.032510 -2.877160
-5.146330 6.362300 -2.867580
-4.562280 6.582510 -2.618640
-5.778250 7.185710 -3.154820
-5.443140 6.256970 -3.499500
-5.481440 5.395260 -3.480350
-5.289940 4.437810 -2.858010
-5.184620 4.782490 -2.666510
-6.438890 5.653780 -2.877160
-6.371870 5.816550 -2.139910
-6.266550 5.529310 -1.766510
-6.515490 5.376120 -1.862250
-7.511240 6.189950 -2.475020
-8.028270 6.046330 -2.293110
-7.070810 4.696320 -1.393100
-6.802730 5.088880 -1.029270
-7.051660 5.998460 -1.038840
-6.697400 6.094210 -1.163310
-7.080390 5.261220 -1.661190
-6.831450 4.409090 -1.642040
-6.764430 5.184620 -1.622890
-6.936770 5.749520 -1.737780
-6.726130 5.155900 -1.680340
-6.505910 5.155900 -1.958000
-7.128260 5.749520 -2.264380
-6.831450 5.232500 -1.938850
-6.955920 5.385690 -2.369700
-7.539970 5.242070 -2.206940
-7.329330 4.571850 -2.226090
-7.922950 5.127180 -2.436730
-7.654860 4.686750 -1.814380
-6.821870 4.878240 -1.661190
-7.913370 5.711230 -2.092040
-7.721880 4.725050 -1.517570
-6.898470 4.811220 -0.684580
-6.821870 4.753770 -0.320750
-7.760180 5.337820 -1.220760
-8.056990 5.873990 -1.230330
-7.597410 5.768670 -0.751600
-7.674010 5.088880 -0.579260
-7.511240 5.462290 -1.105860
-7.827200 5.979310 -1.278200
-7.405920 5.328240 -1.211180
-7.291030 4.916540 -1.211180
-7.281450 4.782490 -1.182460
-7.750610 5.404840 -1.440970
-7.942100 5.318670 -1.268630
-7.645290 5.510160 -1.048410
-7.635710 5.749520 -0.837770
-7.415500 5.471860 -0.713300
-7.300600 5.596330 -0.962240
-7.635710 5.519730 -1.134590
-7.903800 5.222920 -1.297350
-7.721880 5.433560 -1.105860
-7.549540 5.289940 -0.684580
-7.549540 5.117600 -0.933520
