1.756930 9.885730 0.177130
1.881400 9.751690 0.148410
1.881400 9.684670 0.129260
1.804800 9.608070 0.129260
1.718630 9.560200 0.397340
1.776080 9.742120 0.588840
2.005870 9.971900 0.483520
2.187790 10.029350 0.014360
2.120770 9.924030 -0.081380
2.053740 9.828290 0.311170
2.331410 9.876160 0.512240
2.369700 9.981480 0.110110
2.216510 9.857010 -0.033510
1.986720 9.617650 0.588840
1.919700 9.655940 1.057990
2.216510 9.761260 1.057990
2.312260 10.067650 0.933520
1.910120 10.268720 0.943090
1.460120 9.722970 0.359050
1.575020 9.071900 1.010120
1.919700 9.416580 1.613310
2.235660 9.809140 1.804800
1.862250 9.675090 1.680340
1.096290 9.368710 1.201610
0.990970 9.837860 0.866500
1.900550 10.297440 0.703730
2.360130 9.847440 0.742030
2.781410 9.349560 1.153730
2.130340 9.474030 0.694160
1.804800 10.297440 -0.349470
2.599490 10.632550 -0.675010
3.212260 9.866590 0.196280
2.762260 10.747440 -0.751600
2.465450 11.733620 -2.475020
2.867580 10.871910 -2.513320
2.915450 9.483600 -1.603740
3.681420 10.335740 -1.354800
3.509080 10.795320 -2.992050
2.838860 11.072980 -3.719720
3.375030 10.584680 -3.987800
3.384610 10.058080 -3.470780
4.255890 9.684670 -2.542050
3.384610 9.531480 -2.790980
5.060160 9.962330 -2.101620
4.399510 10.824040 -2.484600
4.543130 10.000630 -2.666510
4.926110 9.301690 -3.059070
4.906960 9.694240 -3.662270
4.686750 9.722970 -4.456960
4.581430 8.487850 -5.108030
5.893140 8.066570 -5.500590
4.705900 8.162310 -5.797400
5.194200 6.726130 -5.672930
3.930360 7.089960 -4.686750
3.547370 7.042090 -4.600580
4.255890 7.942100 -6.304850
6.170800 8.459130 -7.118690
5.538880 8.210190 -7.530390
5.203770 7.808050 -7.386770
4.763340 8.870830 -6.879320
4.600580 8.641040 -7.367620
4.600580 7.980400 -8.191040
4.246320 7.310180 -8.066570
3.796310 7.061240 -8.392100
2.896300 7.463370 -8.037840
2.752690 7.166560 -7.989970
2.264380 6.812300 -7.702730
2.101620 7.061240 -7.597410
1.345230 6.860170 -7.444220
0.292020 5.749520 -7.396350
0.205850 5.356970 -7.233580
0.330320 6.065480 -7.769760
0.359050 6.429320 -8.124010
0.119680 6.017610 -8.133590
0.033510 6.151650 -7.683580
0.244150 6.659110 -7.022940
-0.483520 6.362300 -6.391020
-1.373950 5.356970 -5.778250
-1.718630 5.251650 -5.443140
-1.249480 4.035680 -4.571850
-1.278200 4.064400 -3.212260
-2.092040 3.480350 -4.849520
-3.030350 5.069730 -7.606990
-3.030350 5.423990 -8.497420
-2.580340 5.462290 -7.961250
-2.340980 5.500590 -7.626140
-2.905880 4.983560 -6.984640
-3.681420 6.122930 -7.405920
-3.470780 7.989970 -8.727210
-2.695240 7.568690 -8.985730
-3.240990 4.820790 -4.801640
-3.585670 3.805890 -3.049500
-3.145240 5.280370 -3.949510
-3.729290 6.477190 -4.246320
-3.959080 5.701650 -4.667600
-4.236740 5.213350 -5.175050
-3.451630 5.941020 -5.605900
-4.342060 7.243150 -6.687830
-4.782490 6.448470 -5.242070
-4.543130 6.343150 -5.088880
-4.533550 7.472940 -4.466530
-4.217590 4.198450 -5.988890
-3.537800 4.935690 -6.371870
-3.949510 5.548460 -5.845270
-4.313340 3.825040 -5.452710
-5.491010 4.399510 -5.184620
-5.242070 5.222920 -5.644200
-5.060160 5.538880 -6.055910
-5.423990 4.868660 -5.730370
-5.893140 4.792070 -5.988890
-5.385690 5.309090 -6.314420
-4.849520 5.050580 -5.816550
-5.041010 5.031430 -5.625050
-4.782490 5.318670 -6.132510
-4.658020 6.276120 -6.611230
-5.768670 4.801640 -5.567610
-4.705900 3.700570 -6.142080
-5.299520 5.701650 -5.347390
-5.203770 3.978230 -6.448470
-4.859090 4.466530 -6.946340
-5.605900 4.830370 -6.458040
-5.510160 5.289940 -5.443140
-5.270800 5.768670 -5.222920
-5.309090 5.644200 -5.586760
-6.036760 5.376120 -5.395260
-6.314420 6.008040 -5.021860
-5.902720 6.572940 -5.395260
-5.213350 6.103780 -6.027190
-4.102700 6.304850 -6.276120
-5.529310 7.712310 -4.322910
-5.902720 2.800560 -4.916540
-5.596330 6.611230 -4.543130
-5.060160 4.859090 -4.887810
-4.380360 4.973980 -4.523980
-6.209100 4.830370 -4.744190
-6.831450 6.754850 -5.586760
-6.027190 7.137830 -5.701650
