1.268630 9.368710 3.748440
1.919700 8.449550 3.681420
1.814380 7.951670 3.872910
1.115440 8.430400 4.361210
0.751600 9.071900 5.060160
1.000540 9.368710 5.787820
1.297350 9.110190 5.644200
1.029270 9.560200 5.136750
0.675010 10.479360 5.337820
0.809050 10.441060 5.950590
0.914370 10.038930 5.175050
0.272870 10.058080 4.830370
-0.081380 9.483600 4.926110
0.186700 8.439980 4.734620
0.244150 7.922950 3.939930
-0.225000 8.181460 3.011200
-0.732450 8.535720 2.953750
-0.694160 9.052750 3.442050
-0.292020 9.550620 4.073980
0.110110 9.445300 4.169720
-0.301600 9.655940 3.566520
-0.818620 10.469780 2.905880
-0.971820 10.757020 2.829280
-0.761180 9.895310 2.542050
-0.780330 9.100620 2.589920
-1.057990 8.937850 2.896300
-1.536720 9.435730 3.403760
-2.034590 9.703820 3.327160
-2.455870 9.330410 3.269710
-2.637790 8.104870 2.752690
-2.867580 6.936770 1.594160
-3.078220 6.343150 0.646280
-3.250560 7.051660 1.163310
-2.599490 7.894220 2.293110
-2.340980 8.688910 2.637790
-2.369700 8.028270 1.890980
-3.451630 8.009120 0.531390
-4.064400 8.851680 -0.043090
-3.135670 8.267630 1.086710
-1.440970 7.386770 2.340980
-0.914370 7.951670 2.005870
-2.216510 8.899550 1.345230
-3.662270 9.071900 0.473940
-3.901630 8.372950 0.033510
-3.001620 8.124010 0.445220
-1.718630 8.286780 0.023940
-2.015450 9.033600 -0.636710
-3.106940 9.253810 -0.914370
-3.652690 8.794230 -0.952670
-3.566520 8.526150 -1.057990
-3.394180 9.014450 -1.306930
-3.633550 9.895310 -1.555870
-4.073980 10.278290 -1.737780
-4.389940 10.230420 -1.709060
-4.217590 9.847440 -2.149490
-3.729290 8.880400 -2.647370
-3.863340 8.258060 -2.896300
-4.571850 8.353800 -2.838860
-4.591000 8.315510 -2.867580
-4.265470 7.635710 -2.628220
-4.342060 8.009120 -3.336730
-4.983560 8.698490 -3.748440
-4.906960 8.545290 -3.269710
-4.083550 8.028270 -2.293110
-3.911210 7.846350 -2.972900
-5.644200 8.124010 -3.939930
-6.362300 7.922950 -3.863340
-5.558030 7.166560 -2.111190
-4.638870 7.013370 -2.149490
-5.481440 7.042090 -2.599490
-5.778250 6.821870 -3.499500
-5.558030 5.998460 -3.432480
-4.811220 5.452710 -2.714390
-4.830370 5.404840 -3.078220
-5.902720 5.720800 -3.815460
-5.816550 5.577180 -3.240990
-5.414410 5.596330 -2.695240
-6.563360 5.739950 -3.116520
-6.362300 5.826120 -3.413330
-6.448470 5.625050 -3.145240
-6.075060 5.558030 -3.078220
-6.592080 5.653780 -3.116520
-7.156980 5.395260 -3.212260
-7.453800 5.165480 -3.432480
-7.291030 4.897390 -2.819710
-6.343150 4.600580 -2.331410
-6.620810 4.849520 -2.340980
-7.128260 4.916540 -2.446300
-7.358050 4.600580 -2.283530
-7.224010 4.409090 -1.977150
-7.434650 4.677170 -2.005870
-7.281450 4.973980 -2.015450
-7.348470 5.605900 -2.302680
-7.444220 5.328240 -2.293110
-7.099540 5.002710 -2.226090
-7.166560 5.270800 -2.331410
-7.329330 5.328240 -2.484600
-7.511240 5.213350 -2.436730
-7.281450 4.744190 -1.919700
-7.281450 4.485680 -1.622890
-7.942100 5.184620 -1.977150
-8.210190 5.404840 -2.111190
-7.875080 4.897390 -1.651610
-7.185710 4.600580 -1.105860
-7.262300 4.839940 -1.431400
-7.779330 5.146330 -2.005870
-8.392100 5.222920 -2.044170
-7.865500 4.859090 -1.306930
-7.444220 4.638870 -0.933520
-7.434650 4.859090 -1.402670
-7.731460 4.868660 -1.910120
-7.875080 4.744190 -2.034590
-7.846350 4.638870 -1.345230
-7.712310 4.811220 -1.115440
-7.769760 5.098450 -1.527140
-7.855930 5.261220 -1.900550
-7.942100 4.887810 -1.737780
-7.788900 4.811220 -1.259050
-7.549540 5.184620 -1.077140
-7.769760 5.356970 -1.383520
-8.210190 5.031430 -1.823950
-7.875080 4.571850 -1.364370
-7.539970 4.591000 -1.057990
-7.425070 4.801640 -1.172880
-8.181460 5.060160 -1.603740
-7.932520 4.897390 -1.498420
-7.578260 4.677170 -1.010120
-7.750610 4.830370 -1.010120
-7.980400 5.194200 -1.249480
-7.674010 5.069730 -1.230330
-7.741030 4.744190 -1.239910
-7.884650 4.973980 -1.278200
-7.932520 4.906960 -1.287780
-7.798480 4.801640 -1.211180
-7.568690 4.734620 -1.192030
-7.769760 5.041010 -1.373950
-8.162310 4.916540 -1.584590
