0.885650 8.976150 3.604820
1.182460 9.119770 3.700570
1.230330 9.311260 3.260140
0.847350 9.407000 2.819710
0.531390 9.138920 2.350550
0.406920 8.430400 2.302680
0.521810 8.574020 2.283530
0.761180 9.550620 2.235660
0.895220 10.776170 2.455870
0.780330 11.245320 2.752690
0.684580 11.092130 2.982480
0.742030 10.594250 2.666510
0.665430 10.019780 2.034590
0.282450 9.933610 1.728210
-0.014360 10.096370 1.919700
-0.023940 10.584680 1.958000
0.148410 10.421910 1.680340
0.148410 10.297440 1.316500
-0.110110 10.498510 1.431400
-0.272870 10.096370 1.833530
-0.502660 9.588920 1.603740
-0.943090 9.359130 1.010120
-1.431400 9.339980 1.029270
-1.440970 8.775080 1.460120
-1.182460 8.583590 1.440970
-1.220760 9.129340 1.192030
-1.345230 9.215510 0.876070
-1.517570 9.196370 0.895220
-1.833530 8.794230 1.038840
-2.206940 9.311260 1.172880
-2.178210 9.521900 1.220760
-1.795230 9.138920 0.914370
-1.718630 8.803810 0.253730
-2.082470 8.909130 -0.062230
-2.283530 8.813380 0.847350
-1.919700 8.363380 2.082470
-1.402670 8.554870 2.321830
-1.536720 9.148490 2.187790
-2.226090 9.311260 1.642040
-2.589920 8.497420 1.881400
-2.532470 7.530390 2.628220
-2.656940 7.645290 2.005870
-3.020770 8.631470 1.010120
-3.298440 9.359130 0.856920
-3.298440 9.675090 1.622890
-3.020770 9.215510 2.235660
-3.193120 8.870830 1.048410
-3.643120 9.311260 -0.952670
-3.719720 9.474030 -0.646280
-3.001620 8.861260 0.665430
-2.752690 8.708060 1.440970
-3.288860 9.598500 0.090960
-3.279290 9.646370 -1.699480
-2.944180 8.641040 -1.479270
-2.829280 8.382530 -1.096290
-3.154820 8.526150 -0.646280
-3.279290 8.688910 -0.397340
-3.059070 9.378280 -1.000540
-2.896300 9.397430 -1.575020
-3.336730 9.205940 -1.632460
-4.054830 9.129340 -1.823950
-4.418660 8.889980 -1.843100
-3.920780 8.822960 -1.948420
-3.748440 9.024020 -1.709060
-4.179300 9.569770 -1.373950
-4.179300 9.244240 -1.546290
-3.882480 8.334650 -1.555870
-3.623970 7.989970 -1.823950
-4.284620 8.478270 -2.130340
-5.251650 9.407000 -2.427150
-4.792070 9.320830 -2.235660
-3.719720 8.200610 -2.159060
-4.026100 7.721880 -2.398430
-5.012280 8.124010 -2.762260
-5.165480 8.162310 -2.455870
-4.121850 8.104870 -1.756930
-3.442050 7.664440 -1.728210
-4.179300 7.626140 -2.283530
-5.088880 7.511240 -3.030350
-5.270800 7.089960 -3.078220
-5.117600 6.879320 -3.030350
-5.519730 7.348470 -3.432480
-5.749520 7.482520 -3.480350
-5.242070 6.850600 -3.183540
-5.050580 6.343150 -3.011200
-5.347390 6.237830 -2.858010
-5.883570 6.611230 -2.867580
-5.433560 6.582510 -2.551620
-5.519730 6.333570 -2.561200
-6.639960 5.893140 -2.685660
-7.042090 5.912290 -2.781410
-6.965490 7.109110 -3.097370
-5.749520 7.415500 -2.005870
-5.538880 6.706980 -1.603740
-6.256970 6.936770 -2.149490
-7.415500 8.162310 -2.503750
-6.716550 7.367620 -1.546290
-5.242070 6.075060 -0.952670
-6.132510 5.806970 -1.699480
-7.233580 6.151650 -2.264380
-6.917620 5.481440 -1.766510
-6.343150 4.658020 -1.105860
-7.013370 4.964410 -1.747360
-7.511240 5.395260 -2.130340
-7.051660 5.529310 -2.120770
-6.783580 5.069730 -1.852680
-7.156980 4.399510 -1.804800
-7.587840 4.571850 -2.331410
-7.539970 5.280370 -2.245230
-7.348470 4.964410 -1.862250
-7.846350 4.571850 -2.005870
-7.271880 4.294190 -1.852680
-6.687830 4.792070 -1.766510
-7.137830 5.194200 -2.178210
-7.846350 4.744190 -2.494170
-7.415500 4.849520 -2.436730
-6.764430 4.370790 -1.105860
-6.975070 3.930360 -0.617560
-7.252730 5.213350 -0.665430
-7.539970 6.017610 -0.253730
-7.942100 5.701650 -0.148410
-7.855930 5.414410 -0.090960
-7.501670 4.983560 -0.292020
-7.472940 5.376120 -1.565440
-9.062320 5.548460 -2.044170
-8.162310 4.897390 -1.048410
-7.817630 4.792070 -0.493090
-7.377200 5.088880 -0.512240
-7.616560 5.462290 -1.297350
-8.037840 4.897390 -1.603740
-8.095290 4.859090 -1.345230
-7.654860 4.839940 -0.828200
-7.884650 5.050580 -0.990970
-7.769760 5.366540 -0.904800
-7.463370 5.309090 -0.895220
-7.578260 4.571850 -0.933520
-7.128260 4.638870 -0.655860
