1.507990 9.722970 -0.454790
1.421820 9.751690 -0.579260
1.402670 9.789990 -0.531390
1.421820 9.722970 -0.493090
1.507990 9.713390 -0.521810
1.488840 9.770840 -0.560110
1.345230 9.828290 -0.502660
1.479270 9.818710 -0.339900
1.421820 9.770840 -0.330320
1.268630 9.828290 -0.464370
1.201610 9.780410 -0.540960
1.201610 9.770840 -0.464370
1.440970 9.828290 -0.339900
1.402670 9.818710 -0.454790
1.364370 9.722970 -0.617560
1.306930 9.761260 -0.627130
1.852680 9.799560 0.167550
1.613310 9.541050 -0.378200
1.603740 9.799560 -0.742030
1.785660 9.627220 -0.990970
1.986720 9.205940 -1.010120
2.072890 9.991050 -0.818620
2.321830 10.144250 -0.569690
2.082470 10.096370 -0.330320
2.810130 9.579350 -0.904800
2.819710 9.541050 -1.096290
2.197360 9.761260 -1.144160
2.369700 10.019780 -1.182460
2.609070 10.977230 -1.460120
2.331410 10.594250 -1.354800
1.929270 10.450630 -1.594160
2.436730 10.852760 -2.235660
2.599490 11.944260 -3.375030
1.603740 11.771920 -3.738870
1.211180 9.847440 -3.135670
2.044170 9.378280 -2.408000
2.388850 10.441060 -2.695240
2.360130 10.852760 -3.231410
1.776080 10.977230 -3.652690
1.000540 10.910210 -4.169720
0.847350 10.776170 -5.012280
2.704810 10.479360 -5.356970
3.547370 9.378280 -5.653780
2.867580 7.329330 -4.466530
0.837770 8.028270 -1.689910
0.512240 11.522980 -1.172880
1.057990 12.652780 -2.120770
0.703730 11.197450 -3.442050
0.971820 10.804890 -4.696320
1.890980 10.680420 -5.155900
1.948420 10.000630 -5.950590
1.632460 9.866590 -6.611230
0.943090 9.962330 -7.262300
1.278200 9.847440 -7.425070
1.259050 9.110190 -7.214430
1.105860 7.865500 -7.291030
1.220760 7.501670 -7.712310
0.914370 7.712310 -8.353800
0.933520 7.846350 -8.507000
0.215430 7.779330 -7.606990
0.177130 7.204860 -7.214430
-0.368620 6.438890 -6.879320
-1.019690 5.988890 -7.348470
-2.025020 5.376120 -6.869750
-2.790980 4.227170 -5.768670
-2.781410 3.288860 -4.667600
-2.829280 4.083550 -4.533550
-3.442050 6.161230 -4.964410
-3.480350 6.256970 -5.041010
-3.489930 5.979310 -5.127180
-3.078220 6.333570 -5.261220
-3.039920 6.898470 -6.754850
-3.758010 6.812300 -6.869750
-4.255890 6.218680 -6.429320
-3.623970 6.113360 -6.496340
-3.288860 6.247400 -6.170800
-3.633550 5.979310 -6.783580
-4.485680 5.385690 -7.291030
-4.648450 5.280370 -7.338900
-3.939930 4.725050 -6.295270
-4.198450 4.255890 -5.653780
-4.476110 3.911210 -5.663350
-4.811220 3.250560 -5.069730
-5.002710 3.901630 -5.864420
-4.839940 4.619720 -6.256970
-5.098450 3.585670 -6.879320
-5.203770 3.221840 -5.749520
-4.897390 3.489930 -5.941020
-5.596330 3.863340 -5.663350
-5.615480 3.997380 -5.366540
-5.931440 4.093120 -5.615480
-5.548460 3.518650 -6.094210
-5.960160 3.413330 -5.242070
-5.012280 3.825040 -5.328240
-4.284620 3.997380 -5.634630
-5.194200 3.422910 -4.945260
-6.008040 2.781410 -5.299520
-6.103780 3.939930 -5.404840
-5.692080 4.648450 -5.232500
-6.008040 4.533550 -5.634630
-6.812300 4.591000 -5.835700
-7.003790 2.858010 -4.533550
-5.969740 2.360130 -4.878240
-5.481440 4.629300 -5.136750
-6.113360 5.069730 -5.558030
-6.582510 3.518650 -5.213350
-6.276120 3.346310 -4.715470
-6.209100 4.294190 -4.619720
-6.525060 5.050580 -4.552700
-7.271880 4.734620 -5.309090
-6.649530 3.939930 -4.677170
-6.515490 3.987800 -3.403760
-6.888900 3.987800 -4.954840
-7.444220 4.926110 -4.801640
-7.712310 4.303770 -3.384610
-6.774000 4.456960 -3.145240
-7.291030 4.198450 -3.805890
-7.980400 4.696320 -3.777160
-7.587840 5.500590 -3.384610
-6.812300 4.839940 -3.298440
-6.314420 3.681420 -3.308010
-7.386770 3.844190 -3.260140
-7.903800 5.069730 -3.920780
-7.635710 5.079300 -3.576100
-7.262300 3.968660 -2.925030
-6.927190 4.600580 -4.102700
-7.099540 5.979310 -5.002710
-6.726130 4.083550 -3.671840
-7.300600 2.810130 -2.743110
-7.903800 4.389940 -3.681420
-7.530390 5.883570 -5.117600
-6.860170 4.686750 -4.801640
-7.185710 2.226090 -3.183540
-7.492090 2.819710 -3.375030
-7.712310 5.356970 -4.916540
-7.224010 5.558030 -5.567610
-6.754850 4.131420 -3.930360
