1.268630 9.742120 -1.134590
1.134590 9.761260 -1.182460
1.038840 9.722970 -1.316500
1.086710 9.636790 -1.393100
1.182460 9.675090 -1.287780
1.278200 9.818710 -1.048410
1.259050 9.895310 -0.990970
1.115440 9.742120 -1.010120
1.086710 9.636790 -0.962240
1.297350 9.541050 -0.799480
1.440970 9.627220 -0.684580
1.316500 9.789990 -0.885650
1.010120 9.981480 -1.086710
0.866500 10.287870 -1.115440
0.981390 10.584680 -1.057990
1.268630 10.891060 -1.316500
1.201610 10.517650 -1.594160
0.780330 10.220840 -1.833530
0.598410 9.885730 -1.622890
0.799480 9.809140 -1.756930
0.990970 9.895310 -1.699480
0.866500 9.991050 -1.689910
0.761180 9.789990 -2.015450
0.713300 9.215510 -2.427150
0.617560 8.698490 -2.743110
0.569690 8.708060 -2.972900
0.655860 8.899550 -2.944180
0.665430 9.320830 -2.723960
0.646280 9.780410 -2.436730
0.588840 10.000630 -2.245230
0.684580 9.608070 -2.044170
0.713300 9.100620 -2.139910
0.646280 8.947430 -2.446300
0.387770 9.292110 -2.436730
0.100530 10.019780 -2.005870
0.205850 10.527230 -1.450550
0.540960 10.230420 -1.259050
0.684580 9.675090 -1.613310
0.339900 9.588920 -2.398430
-0.167550 10.211270 -2.666510
-0.253730 10.728290 -2.245230
-0.043090 11.025110 -1.919700
0.090960 11.111280 -2.025020
0.000000 10.871910 -2.072890
-0.301600 11.092130 -2.273960
-0.292020 10.910210 -2.283530
-0.167550 10.642120 -2.340980
-0.234580 10.307010 -3.001620
-0.636710 9.971900 -3.662270
-1.019690 9.703820 -3.892060
-1.096290 9.770840 -3.911210
-0.770750 9.588920 -3.336730
-0.445220 9.474030 -3.221840
-0.856920 9.646370 -3.394180
-1.431400 9.904880 -3.556950
-1.469690 9.713390 -3.375030
-1.134590 9.474030 -3.317590
-1.125010 9.722970 -3.260140
-1.709060 10.134670 -3.499500
-2.340980 10.402760 -3.595250
-1.938850 9.177220 -3.700570
-1.259050 8.056990 -4.255890
-2.254810 9.177220 -4.753770
-3.509080 10.747440 -4.313340
-2.972900 9.311260 -4.016530
-2.350550 8.133590 -4.562280
-2.570770 7.836780 -4.725050
-2.762260 8.104870 -4.179300
-2.427150 7.683580 -3.499500
-2.427150 7.377200 -3.547370
-3.068650 7.712310 -3.834610
-3.844190 8.238910 -4.236740
-3.939930 8.794230 -4.725050
-3.269710 8.507000 -4.859090
-3.240990 8.037840 -4.322910
-4.054830 7.855930 -3.662270
-4.160150 7.645290 -3.308010
-3.528230 7.750610 -3.939930
-3.872910 8.056990 -4.744190
-4.763340 7.492090 -4.715470
-4.284620 6.285700 -3.978230
-3.403760 6.266550 -4.179300
-4.380360 7.042090 -4.935690
-5.452710 6.994220 -4.763340
-5.270800 6.410170 -3.834610
-4.188870 5.826120 -3.556950
-4.552700 6.716550 -4.533550
-6.008040 7.635710 -4.935690
-5.854840 6.793150 -3.700570
-4.782490 5.864420 -3.154820
-5.366540 5.720800 -4.093120
-7.530390 6.984640 -5.692080
-7.291030 6.410170 -5.117600
-5.041010 4.868660 -2.982480
-4.543130 5.194200 -3.308010
-6.965490 7.252730 -5.921870
-7.482520 6.706980 -6.036760
-4.973980 4.485680 -3.126090
-3.250560 3.959080 -1.335650
-6.639960 6.754850 -3.825040
-8.669760 7.070810 -5.730370
-6.065480 3.939930 -4.093120
-3.461200 2.465450 -1.431400
-6.142080 5.452710 -3.566520
-10.067650 7.788900 -7.003790
-7.808050 5.194200 -5.270800
-4.667600 2.858010 -1.192030
-5.433560 3.336730 -1.163310
-9.339980 5.950590 -5.079300
-9.186790 5.653780 -5.088880
-5.567610 3.959080 -2.245230
-5.950590 3.355880 -1.852680
-9.043170 4.456960 -4.820790
-9.464450 5.155900 -4.811220
-6.343150 3.997380 -1.833530
-5.806970 3.633550 -1.594160
-8.210190 3.279290 -3.001620
-9.167640 4.954840 -4.456960
-8.497420 4.792070 -2.302680
-6.716550 3.671840 -1.450550
-8.267630 2.972900 -2.589920
-9.282540 3.116520 -3.442050
-8.679340 4.533550 -2.992050
-6.908050 4.562280 -1.766510
-7.204860 3.643120 -2.360130
-8.305930 2.695240 -3.020770
-8.755940 4.456960 -3.509080
-7.482520 4.906960 -1.756930
-7.377200 4.437810 -2.254810
-8.755940 2.762260 -2.532470
-8.104870 2.628220 -2.446300
-7.539970 3.700570 -1.737780
-7.291030 3.662270 -1.689910
-7.827200 2.944180 -2.005870
-8.296360 3.221840 -2.159060
-8.018690 3.451630 -2.005870
-7.003790 3.039920 -0.531390
