0.167550 8.315510 4.610150
-0.014360 8.583590 4.332490
-0.177130 8.775080 4.073980
-0.186700 8.899550 3.930360
0.119680 9.033600 3.834610
0.292020 9.263390 3.537800
0.014360 9.502750 3.604820
-0.263300 9.397430 3.595250
-0.435640 9.215510 3.221840
-0.713300 9.177220 2.666510
-0.952670 9.215510 2.417580
-0.828200 9.263390 2.321830
-0.359050 9.320830 2.149490
-0.081380 9.263390 2.015450
-0.071810 9.024020 2.398430
-0.033510 8.803810 2.484600
-0.090960 8.813380 2.226090
-0.320750 8.775080 1.977150
-0.560110 8.928280 1.756930
-0.809050 9.311260 1.958000
-0.933520 9.541050 2.446300
-0.856920 9.809140 2.513320
-0.943090 9.847440 2.446300
-1.029270 9.493180 2.589920
-0.952670 9.330410 2.599490
-0.866500 9.349560 2.446300
-0.847350 9.483600 2.369700
-0.703730 9.454880 2.226090
-0.560110 9.167640 2.197360
-0.579260 8.995300 2.034590
-0.722880 8.842110 1.776080
-0.866500 8.755940 1.584590
-0.856920 8.679340 1.565440
-0.828200 8.688910 1.670760
-0.847350 8.765510 1.699480
-0.837770 8.937850 1.498420
-0.866500 9.167640 1.393100
-0.943090 9.445300 1.536720
-0.952670 9.914460 1.852680
-0.962240 10.431480 2.149490
-0.952670 10.718720 2.139910
-1.010120 10.670850 1.766510
-1.201610 10.555950 1.603740
-1.469690 10.785740 1.776080
-1.728210 11.044250 1.881400
-1.814380 11.072980 1.642040
-1.890980 11.178300 1.402670
-2.369700 11.331490 1.450550
-2.858010 11.522980 1.316500
-3.039920 11.963410 0.406920
-2.790980 12.681500 0.081380
-2.398430 12.470860 0.990970
-2.704810 11.494260 1.479270
-3.595250 11.149580 0.493090
-4.533550 10.469780 -0.579260
-4.954840 9.569770 -1.393100
-3.738870 8.880400 -1.555870
-3.116520 8.526150 -1.823950
-3.710140 9.550620 -3.432480
-4.083550 10.469780 -4.562280
-4.600580 10.307010 -4.619720
-4.121850 10.402760 -4.581430
-2.992050 10.785740 -4.275040
-2.905880 9.541050 -3.020770
-3.710140 7.760180 -3.020770
-4.169720 6.716550 -1.747360
-1.823950 6.774000 -0.464370
-1.239910 6.706980 -0.225000
-3.537800 6.544210 -0.665430
-4.380360 6.726130 -0.387770
-3.135670 7.338900 -0.157980
-2.676090 6.831450 -0.100530
-2.781410 5.682500 -1.709060
-3.422910 4.064400 -3.049500
-3.604820 3.097370 -2.695240
-4.255890 3.643120 -3.049500
-5.481440 4.734620 -3.106940
-5.347390 5.117600 -2.350550
-5.864420 4.964410 -2.015450
-6.553790 4.753770 -1.823950
-7.559120 5.136750 -1.507990
-7.760180 4.600580 -1.555870
-7.635710 3.547370 -2.053740
-7.741030 3.700570 -2.197360
-6.994220 4.313340 -1.192030
-7.539970 5.194200 -0.722880
-7.827200 5.117600 -0.856920
-7.846350 4.658020 -0.876070
-7.884650 4.878240 -0.502660
-7.731460 5.108030 -0.004790
-7.875080 5.414410 -0.406920
-7.855930 5.529310 -0.694160
-7.808050 5.376120 -0.818620
-7.721880 5.079300 -0.416490
-7.568690 4.772920 0.062230
-8.028270 4.801640 -0.454790
-8.200610 4.725050 -0.579260
-7.808050 4.772920 -0.502660
-7.989970 4.887810 -0.751600
-7.798480 5.376120 -1.287780
-7.817630 5.567610 -1.680340
-7.386770 4.897390 -1.919700
-7.568690 4.523980 -1.862250
-7.750610 4.418660 -1.709060
-7.683580 4.370790 -1.239910
-7.578260 4.600580 -1.345230
-7.846350 4.849520 -1.402670
-7.932520 4.897390 -1.259050
-8.095290 5.098450 -0.809050
-7.999550 4.734620 -0.550540
-7.721880 4.792070 -0.339900
-7.750610 4.878240 -0.330320
-8.114440 4.973980 -0.416490
-8.277210 4.772920 -0.263300
-8.056990 4.763340 -0.157980
-7.769760 4.897390 -0.244150
-7.903800 4.945260 -0.387770
-8.047420 5.012280 -0.473940
-8.018690 5.031430 -0.521810
-8.037840 4.677170 -0.493090
-7.798480 4.868660 -0.445220
-7.779330 5.242070 -0.703730
-7.798480 4.839940 -0.789900
-7.836780 4.523980 -0.684580
-7.626140 4.562280 -0.550540
-7.798480 4.610150 -0.464370
-7.884650 4.744190 -0.799480
-7.903800 4.830370 -0.742030
-7.999550 4.897390 -0.646280
-8.085720 4.887810 -0.445220
-8.104870 5.021860 -0.445220
-7.798480 5.079300 -0.301600
-7.884650 5.002710 -0.540960
-7.999550 4.715470 -0.560110
-7.894220 4.715470 -0.253730
-7.951670 4.677170 -0.311170
-7.894220 4.437810 -0.397340
