1.306930 9.694240 1.335650
1.239910 9.732540 1.182460
1.278200 9.655940 1.105860
1.373950 9.531480 1.125010
1.412250 9.550620 1.077140
1.345230 9.569770 1.134590
1.259050 9.598500 1.259050
1.278200 9.588920 1.335650
1.421820 9.512330 1.345230
1.517570 9.502750 1.230330
1.440970 9.617650 1.048410
1.278200 9.665520 1.115440
1.297350 9.636790 1.268630
1.412250 9.560200 1.249480
1.460120 9.531480 1.316500
1.393100 9.694240 1.498420
1.383520 9.895310 1.622890
1.421820 9.971900 1.536720
1.488840 9.675090 1.326080
1.440970 9.263390 1.230330
1.316500 9.158070 1.163310
1.153730 9.225090 1.249480
1.201610 9.282540 1.479270
1.393100 9.282540 1.680340
1.517570 9.359130 1.594160
1.373950 9.474030 1.479270
1.278200 9.483600 1.393100
1.354800 9.387860 1.440970
1.440970 9.407000 1.488840
1.431400 9.560200 1.527140
1.450550 9.646370 1.507990
1.565440 9.627220 1.517570
1.661190 9.521900 1.460120
1.192030 10.163400 1.728210
1.029270 10.536800 1.747360
1.010120 11.302770 1.555870
1.010120 11.982560 1.326080
0.655860 12.221930 1.192030
0.272870 12.375120 1.287780
0.330320 12.059160 1.766510
0.627130 11.609150 2.187790
0.780330 10.919790 2.321830
0.550540 10.019780 2.312260
0.119680 9.809140 2.293110
-0.119680 10.575100 2.168640
-0.215430 11.944260 2.350550
-0.215430 12.451720 1.766510
-0.636710 12.183630 0.866500
-1.613310 12.154900 1.010120
-1.919700 11.570860 1.910120
-1.230330 10.287870 2.044170
-0.789900 8.344230 0.971820
-2.159060 7.195280 -1.393100
-3.777160 6.103780 -2.360130
-3.997380 5.653780 -1.201610
-2.513320 6.132510 -0.665430
-1.670760 7.587840 -0.550540
-2.580340 10.345310 -1.144160
-3.786740 10.508080 -1.900550
-3.959080 8.976150 -2.302680
-3.528230 7.894220 -2.254810
-2.723960 7.913370 -2.532470
-2.992050 8.372950 -2.599490
-3.308010 9.665520 -2.810130
-4.054830 10.632550 -3.719720
-5.366540 9.655940 -3.509080
-4.179300 8.114440 -2.570770
-3.298440 8.439980 -3.135670
-5.280370 9.186790 -3.336730
-5.998460 8.583590 -2.360130
-5.280370 7.616560 -1.843100
-5.012280 7.425070 -1.900550
-4.533550 7.214430 -1.287780
-5.175050 6.400590 -0.292020
-4.983560 5.452710 0.110110
-4.600580 5.299520 -0.071810
-4.629300 4.897390 -0.780330
-4.600580 4.102700 -1.565440
-4.485680 4.093120 -2.034590
-5.395260 4.294190 -2.513320
-5.893140 3.949510 -2.408000
-5.806970 4.380360 -2.101620
-6.017610 5.098450 -1.584590
-6.199530 5.213350 -1.479270
-6.295270 5.155900 -1.699480
-6.438890 5.337820 -1.756930
-6.553790 5.471860 -1.804800
-7.329330 5.548460 -1.986720
-7.587840 4.772920 -1.632460
-7.511240 5.069730 -1.747360
-7.942100 5.682500 -1.670760
-7.903800 4.734620 -1.029270
-7.674010 4.610150 -0.837770
-7.788900 4.820790 -0.646280
-7.942100 5.328240 -0.713300
-7.894220 4.734620 -0.071810
-7.559120 5.165480 -0.225000
-7.731460 5.739950 -0.339900
-7.702730 5.117600 -0.416490
-8.066570 4.926110 -0.780330
-8.056990 4.772920 -0.588840
-7.779330 5.012280 -0.521810
-7.827200 5.136750 -0.876070
-7.798480 5.002710 -0.981390
-7.769760 4.935690 -1.096290
-7.578260 4.897390 -1.192030
-7.798480 5.261220 -1.239910
-7.654860 4.830370 -0.732450
-7.482520 4.725050 -0.598410
-7.300600 5.098450 -0.598410
-7.635710 5.395260 -1.086710
-8.056990 4.926110 -1.354800
-7.884650 4.600580 -0.971820
-7.827200 4.868660 -0.483520
-7.865500 5.232500 -0.445220
-8.009120 5.280370 -0.665430
-7.894220 5.136750 -0.703730
-7.779330 5.050580 -0.483520
-7.693160 5.175050 -0.560110
-7.836780 5.356970 -0.732450
-7.750610 4.801640 -0.799480
-7.606990 4.897390 -0.847350
-7.578260 5.232500 -0.828200
-7.721880 5.031430 -0.751600
-7.626140 4.993130 -1.038840
-7.827200 5.041010 -0.952670
-7.827200 4.868660 -0.789900
-7.645290 4.945260 -0.655860
-7.645290 5.213350 -0.847350
-7.626140 5.146330 -1.086710
-7.769760 5.031430 -1.096290
-7.817630 5.002710 -0.847350
-7.702730 5.184620 -0.789900
-7.559120 5.261220 -0.636710
-7.683580 5.021860 -0.617560
-7.894220 4.954840 -0.742030
-7.741030 5.270800 -0.607980
