0.253730 9.464450 2.034590
0.282450 9.579350 2.005870
0.320750 9.493180 2.025020
0.301600 9.387860 1.948420
0.244150 9.301690 1.977150
0.225000 9.378280 1.938850
0.272870 9.493180 1.996300
0.311170 9.445300 2.005870
0.330320 9.435730 2.111190
0.330320 9.521900 2.273960
0.339900 9.895310 2.551620
0.406920 10.278290 2.896300
0.186700 9.914460 2.417580
-0.148410 9.837860 1.900550
-0.052660 10.402760 2.111190
0.244150 11.187870 2.733540
0.311170 11.925110 3.288860
-0.033510 13.074060 1.804800
-0.540960 14.021940 0.090960
-1.239910 13.571940 -0.320750
-1.594160 13.150660 -0.004790
-0.981390 12.729380 1.278200
-0.052660 11.590010 1.881400
0.000000 11.819790 0.579260
-0.598410 9.684670 -0.138830
-1.134590 8.124010 -0.435640
-1.144160 8.028270 -0.655860
-1.105860 8.650620 -0.062230
-1.440970 10.067650 -0.205850
-2.293110 9.205940 -0.780330
-2.838860 8.985730 -1.115440
-2.494170 9.004870 -1.603740
-2.254810 9.205940 -1.507990
-2.159060 9.167640 -1.201610
-2.254810 9.033600 -0.943090
-2.522900 8.842110 -0.569690
-2.762260 8.736790 -0.789900
-2.925030 8.669760 -1.038840
-3.059070 8.487850 -0.617560
-2.925030 8.516570 -0.579260
-2.858010 8.813380 -1.364370
-3.193120 8.889980 -1.910120
-3.576100 8.449550 -1.737780
-3.920780 7.903800 -1.354800
-3.777160 8.315510 -0.722880
-3.566520 9.225090 -0.895220
-3.442050 9.225090 -0.789900
-3.451630 8.516570 -0.866500
-3.461200 8.305930 -1.230330
-3.059070 9.416580 -0.828200
-3.231410 8.966580 -1.632460
-3.355880 8.372950 -2.015450
-3.719720 7.951670 -2.206940
-4.131420 7.530390 -2.858010
-4.677170 7.836780 -3.623970
-5.108030 8.736790 -4.093120
-5.079300 8.660190 -3.901630
-4.131420 7.779330 -2.427150
-3.576100 7.606990 -1.938850
-3.987800 7.788900 -2.072890
-4.389940 7.587840 -2.168640
-4.715470 7.664440 -2.771840
-5.155900 7.846350 -2.666510
-4.725050 7.185710 -2.053740
-4.466530 6.563360 -2.695240
-5.491010 7.262300 -3.193120
-5.663350 7.846350 -2.858010
-5.232500 7.195280 -2.532470
-5.184620 6.381440 -2.810130
-5.356970 6.247400 -3.173970
-5.510160 6.697400 -3.250560
-5.950590 6.821870 -3.020770
-6.276120 6.189950 -2.408000
-5.864420 5.854840 -2.790980
-6.103780 6.027190 -3.097370
-6.630380 6.333570 -3.135670
-6.132510 6.065480 -2.273960
-6.582510 6.802730 -2.025020
-6.879320 7.089960 -2.149490
-6.936770 6.812300 -2.149490
-6.266550 6.860170 -1.804800
-6.170800 6.841020 -1.575020
-7.224010 7.271880 -1.345230
-7.156980 6.285700 -0.885650
-7.013370 5.548460 -1.000540
-7.118690 5.931440 -1.948420
-7.539970 6.256970 -2.025020
-7.559120 5.481440 -1.919700
-7.156980 5.127180 -1.402670
-7.310180 5.854840 -1.900550
-7.185710 6.256970 -2.120770
-7.319750 5.902720 -2.072890
-7.281450 4.619720 -1.575020
-7.204860 4.725050 -2.072890
-7.128260 5.002710 -2.350550
-6.975070 4.610150 -1.804800
-7.291030 4.294190 -1.383520
-7.683580 4.035680 -1.230330
-7.865500 4.485680 -1.843100
-7.616560 4.265470 -1.737780
-7.492090 3.643120 -1.393100
-7.855930 4.102700 -1.450550
-7.913370 3.834610 -1.747360
-7.501670 3.422910 -1.843100
-7.214430 4.083550 -2.293110
-7.425070 4.102700 -2.532470
-7.626140 3.422910 -2.130340
-7.645290 3.547370 -1.910120
-7.721880 3.834610 -1.823950
-7.942100 3.164390 -1.316500
-8.124010 2.838860 -1.402670
-8.210190 4.284620 -1.804800
-8.439980 3.949510 -1.507990
-8.612320 3.815460 -1.689910
-8.353800 3.489930 -1.373950
-8.267630 3.786740 -1.172880
-8.372950 4.485680 -1.278200
-8.564440 4.284620 -1.259050
-8.449550 3.681420 -1.000540
-8.305930 3.920780 -1.000540
-8.143160 3.968660 -1.565440
-8.286780 3.671840 -1.383520
-8.439980 3.518650 -0.923950
-8.574020 4.399510 -1.182460
-8.459130 4.198450 -1.278200
-8.353800 3.451630 -1.383520
-8.392100 3.327160 -1.287780
-8.392100 3.959080 -1.364370
-8.305930 3.844190 -1.086710
-8.258060 3.700570 -1.172880
-8.401680 3.451630 -1.086710
-8.459130 3.269710 -1.067560
-8.593170 4.016530 -1.335650
-8.554870 3.968660 -1.393100
-8.334650 3.537800 -1.249480
-8.296360 3.432480 -0.751600
-8.516570 3.767590 -1.096290
