-0.349470 9.493180 1.728210
-0.330320 9.426150 1.737780
-0.292020 9.416580 1.766510
-0.282450 9.445300 1.747360
-0.359050 9.521900 1.814380
-0.426070 9.483600 1.814380
-0.406920 9.464450 1.833530
-0.330320 9.483600 1.823950
-0.301600 9.454880 1.785660
-0.292020 9.407000 1.795230
-0.301600 9.387860 1.862250
-0.301600 9.387860 1.823950
-0.359050 9.407000 1.881400
-0.416490 9.454880 1.900550
-0.368620 9.454880 1.881400
-0.311170 9.397430 1.890980
-0.339900 9.416580 2.015450
-0.339900 9.387860 2.063320
-0.368620 9.378280 1.890980
-0.426070 9.416580 1.804800
-0.368620 9.359130 1.852680
-0.330320 9.330410 1.900550
-0.320750 9.426150 2.005870
-0.339900 9.608070 2.551620
-0.311170 9.991050 3.106940
-0.368620 10.211270 3.126090
-0.617560 9.665520 2.465450
-0.818620 12.087880 1.910120
-0.761180 18.196450 2.618640
-1.440970 19.603910 -0.282450
-3.078220 19.575190 -8.258060
-11.609150 19.603910 -9.167640
-12.911300 19.603910 19.230510
1.689910 19.603910 4.389940
2.025020 16.291120 -3.825040
-0.636710 2.092040 -2.580340
4.476110 -10.709150 -13.830450
-1.172880 -19.594340 7.099540
3.585670 -11.590010 -9.828290
-1.077140 8.478270 -5.232500
2.905880 13.054910 3.231410
4.610150 14.941100 2.101620
-1.469690 3.576100 -1.402670
-7.721880 0.914370 -6.400590
-8.717640 2.034590 -8.765510
-5.835700 5.558030 -8.305930
-3.997380 8.880400 -4.619720
-1.929270 8.258060 -1.259050
-2.072890 5.663350 -1.689910
-5.079300 3.920780 -4.629300
-6.084630 4.064400 -6.122930
-4.514410 5.318670 -4.581430
-3.949510 6.362300 -2.800560
-5.337820 6.410170 -2.542050
-6.362300 6.247400 -3.892060
-6.888900 6.256970 -4.332490
-6.314420 6.113360 -2.819710
-5.232500 5.883570 -2.695240
-6.381440 5.941020 -3.566520
-6.860170 6.199530 -3.777160
-5.979310 5.893140 -3.308010
-6.036760 5.108030 -3.202690
-6.678260 4.926110 -3.786740
-7.003790 5.050580 -4.447380
-6.831450 5.433560 -4.102700
-5.739950 5.328240 -2.704810
-5.538880 5.481440 -2.072890
-6.735700 6.247400 -2.628220
-7.310180 6.285700 -3.489930
-7.089960 5.366540 -3.872910
-7.166560 5.146330 -4.208020
-6.898470 5.347390 -3.480350
-6.687830 5.356970 -3.719720
-7.425070 4.916540 -4.179300
-7.147410 4.160150 -4.399510
-6.706980 4.600580 -4.734620
-7.616560 6.017610 -4.035680
-7.032510 5.625050 -3.059070
-6.678260 4.447380 -3.106940
-7.147410 4.859090 -4.150570
-8.085720 6.017610 -4.552700
-7.539970 5.605900 -3.461200
-6.276120 4.169720 -2.618640
-6.572940 4.160150 -3.470780
-8.612320 5.366540 -4.686750
-7.846350 4.820790 -3.872910
-6.161230 3.700570 -2.570770
-6.582510 4.141000 -2.398430
-7.731460 5.529310 -3.375030
-7.702730 5.021860 -3.796310
-6.802730 3.767590 -3.126090
-7.128260 4.026100 -3.413330
-8.305930 4.725050 -3.269710
-7.798480 4.380360 -2.838860
-7.597410 3.959080 -2.982480
-7.980400 4.495260 -3.059070
-8.028270 4.447380 -2.417580
-7.300600 4.141000 -2.465450
-7.894220 4.351640 -3.183540
-7.922950 4.131420 -3.049500
-7.482520 3.777160 -2.475020
-7.894220 4.236740 -2.369700
-8.114440 4.552700 -2.714390
-7.961250 4.389940 -2.733540
-7.875080 4.064400 -2.589920
-7.865500 4.160150 -2.283530
-8.794230 4.514410 -2.781410
-9.320830 4.935690 -3.576100
-9.110190 4.868660 -3.240990
-8.114440 4.188870 -2.044170
-8.037840 3.652690 -2.206940
-9.722970 4.409090 -3.422910
-10.077230 4.715470 -2.340980
-8.133590 3.135670 -0.416490
-7.185710 2.599490 -0.282450
-7.156980 3.298440 -0.943090
-6.965490 2.858010 -1.211180
-7.032510 2.752690 -1.728210
-7.147410 3.556950 -1.823950
-7.492090 4.150570 -1.977150
-7.702730 3.997380 -2.015450
-7.884650 3.413330 -1.728210
-7.942100 3.068650 -1.498420
-8.171890 3.614400 -1.306930
-8.171890 4.102700 -1.785660
-8.047420 3.432480 -1.507990
-8.191040 3.173970 -1.488840
-8.564440 4.217590 -1.814380
-8.727210 4.370790 -1.364370
-8.382530 3.135670 -1.125010
-8.258060 3.576100 -1.287780
-8.430400 4.370790 -1.306930
-8.688910 4.456960 -1.527140
-8.459130 4.275040 -1.278200
-8.401680 3.997380 -0.665430
-8.191040 3.595250 -0.962240
-8.315510 4.073980 -1.469690
