0.809050 9.512330 1.862250
0.828200 9.483600 1.948420
0.761180 9.426150 1.929270
0.742030 9.397430 1.881400
0.809050 9.435730 1.890980
0.828200 9.474030 1.938850
0.789900 9.483600 1.948420
0.761180 9.445300 1.900550
0.732450 9.435730 1.852680
0.770750 9.426150 1.890980
0.799480 9.464450 1.958000
0.818620 9.426150 1.910120
0.818620 9.426150 1.833530
0.818620 9.541050 1.709060
0.627130 9.770840 1.594160
0.330320 10.211270 1.603740
0.397340 10.077230 2.053740
0.789900 9.732540 2.743110
1.163310 10.230420 3.336730
1.230330 9.311260 3.920780
0.952670 10.316590 3.547370
0.809050 11.743200 2.168640
0.837770 11.379360 1.412250
-0.215430 11.503840 0.445220
-0.990970 11.618730 -1.134590
-1.182460 11.101700 -1.172880
-1.096290 11.283620 -0.138830
-0.675010 11.561280 -0.301600
-0.330320 11.570860 -0.368620
-0.110110 10.546380 -0.186700
-0.138830 10.555950 -0.033510
-0.090960 9.991050 0.292020
-0.263300 9.818710 0.339900
-0.454790 10.335740 0.349470
-0.483520 10.785740 0.799480
-0.435640 10.354890 1.029270
-0.521810 9.904880 0.569690
-0.665430 9.588920 0.272870
-0.981390 9.952760 -0.244150
-1.172880 9.904880 -0.473940
-1.316500 9.857010 -0.368620
-1.354800 9.349560 -0.435640
-1.469690 9.244240 -0.818620
-1.680340 9.158070 -1.048410
-1.996300 9.272960 -1.172880
-2.226090 9.588920 -1.239910
-2.197360 9.837860 -0.780330
-2.053740 9.837860 -0.837770
-2.465450 8.593170 -1.642040
-2.915450 8.708060 -2.312260
-3.020770 9.024020 -2.513320
-2.522900 8.794230 -1.900550
-2.465450 8.669760 -1.393100
-3.078220 8.947430 -1.728210
-3.375030 8.612320 -2.197360
-3.106940 8.219760 -2.168640
-3.087800 7.942100 -1.890980
-3.106940 7.875080 -2.130340
-3.375030 8.018690 -2.465450
-3.901630 8.171890 -2.886730
-4.006950 8.516570 -2.532470
-3.413330 9.215510 -1.814380
-3.288860 9.272960 -2.187790
-3.719720 8.535720 -2.273960
-4.035680 8.047420 -2.331410
-3.949510 7.817630 -2.187790
-3.930360 8.076140 -2.197360
-4.437810 8.191040 -2.503750
-4.619720 8.047420 -2.944180
-4.552700 7.932520 -2.896300
-4.399510 8.238910 -2.790980
-4.418660 7.999550 -2.388850
-4.600580 7.645290 -2.484600
-4.725050 7.702730 -2.810130
-4.677170 7.721880 -2.656940
-4.945260 7.808050 -2.666510
-4.993130 7.271880 -2.580340
-4.811220 6.754850 -2.656940
-5.270800 7.166560 -2.877160
-5.500590 7.520820 -3.001620
-5.835700 7.453800 -3.164390
-5.596330 6.965490 -2.781410
-5.041010 6.946340 -2.398430
-5.462290 6.860170 -2.972900
-6.391020 7.080390 -2.848430
-6.333570 6.975070 -1.948420
-5.749520 6.544210 -2.321830
-6.821870 6.333570 -3.327160
-6.515490 6.065480 -3.126090
-5.682500 6.180380 -2.245230
-6.113360 6.601660 -1.938850
-6.448470 6.256970 -2.254810
-6.764430 5.931440 -2.656940
-7.022940 6.304850 -2.647370
-7.042090 6.525060 -2.235660
-6.975070 6.113360 -1.421820
-6.649530 5.510160 -1.440970
-7.769760 5.692080 -2.494170
-7.549540 5.739950 -2.063320
-7.243150 5.979310 -1.498420
-8.018690 5.845270 -1.900550
-8.133590 5.414410 -1.843100
-7.319750 5.127180 -0.588840
-7.367620 5.031430 -0.885650
-7.166560 4.428230 -0.856920
-7.099540 4.198450 -1.383520
-7.654860 4.782490 -2.044170
-7.377200 4.648450 -1.306930
-7.367620 4.562280 -1.115440
-8.478270 4.667600 -1.584590
-8.880400 4.744190 -1.211180
-7.702730 4.284620 -0.502660
-7.358050 4.150570 -1.335650
-8.392100 4.638870 -2.139910
-8.009120 3.748440 -1.019690
-7.578260 3.308010 -1.259050
-7.405920 3.633550 -1.785660
-7.492090 3.786740 -2.206940
-7.769760 2.992050 -2.226090
-7.281450 2.647370 -1.354800
-7.243150 3.327160 -1.795230
-8.449550 4.045250 -2.953750
-8.191040 3.461200 -2.235660
-7.942100 2.925030 -2.015450
-8.066570 3.633550 -2.216510
-8.507000 3.729290 -1.804800
-8.076140 3.288860 -1.709060
-8.420830 3.202690 -1.843100
-8.621890 3.863340 -1.718630
-8.143160 3.872910 -1.613310
-8.238910 3.394180 -1.785660
-8.468700 3.394180 -1.431400
-8.564440 3.384610 -0.742030
-7.788900 3.643120 -0.809050
-8.267630 3.987800 -2.034590
-8.698490 3.499500 -1.125010
-8.755940 3.202690 -0.914370
