1.297350 9.311260 -3.212260
1.306930 9.445300 -3.193120
1.527140 9.426150 -3.154820
1.689910 9.311260 -3.126090
1.651610 9.378280 -3.145240
1.345230 9.339980 -3.154820
1.249480 9.205940 -3.154820
1.488840 9.205940 -3.212260
1.699480 9.368710 -3.116520
1.642040 9.627220 -2.915450
1.603740 9.531480 -2.867580
1.833530 9.272960 -2.934600
1.881400 9.215510 -3.240990
1.488840 9.282540 -3.279290
1.115440 9.397430 -3.260140
1.144160 9.454880 -3.087800
1.651610 9.521900 -3.030350
1.862250 9.426150 -3.030350
1.795230 9.138920 -2.953750
1.814380 9.253810 -2.934600
1.632460 9.713390 -2.829280
1.479270 10.211270 -2.953750
1.575020 9.866590 -3.001620
2.005870 9.024020 -2.953750
1.977150 8.947430 -3.001620
1.421820 9.474030 -3.403760
1.402670 9.579350 -3.413330
1.833530 9.138920 -3.336730
2.369700 9.158070 -3.087800
2.618640 9.186790 -3.001620
2.360130 8.889980 -3.011200
2.025020 8.889980 -3.059070
1.833530 8.851680 -3.317590
1.709060 9.167640 -3.346310
1.929270 9.569770 -3.049500
2.283530 9.330410 -2.819710
2.044170 9.349560 -2.858010
1.613310 9.684670 -3.183540
1.938850 10.000630 -3.489930
2.273960 9.541050 -3.719720
1.766510 9.138920 -3.968660
1.431400 9.301690 -4.093120
1.345230 9.646370 -4.370790
1.536720 9.694240 -4.342060
1.843100 9.483600 -4.399510
1.661190 9.569770 -4.600580
1.268630 9.550620 -4.772920
1.278200 9.761260 -4.964410
1.412250 10.115520 -5.041010
1.192030 10.441060 -5.175050
0.914370 10.278290 -4.954840
0.665430 9.799560 -5.318670
0.885650 9.541050 -5.510160
0.636710 9.617650 -6.075060
-0.071810 9.378280 -6.371870
-0.330320 8.842110 -6.572940
0.110110 7.970820 -6.324000
0.569690 8.171890 -5.988890
0.071810 8.746360 -6.256970
-0.895220 8.363380 -6.544210
-1.077140 7.635710 -6.429320
-0.675010 7.271880 -6.630380
-0.962240 9.186790 -6.142080
-1.450550 9.971900 -5.730370
-1.890980 8.832530 -5.969740
-1.728210 7.300600 -6.017610
-1.795230 7.377200 -5.816550
-2.513320 8.191040 -6.237830
-3.202690 7.884650 -6.735700
-3.375030 6.687830 -6.908050
-3.461200 6.295270 -7.664440
-3.212260 7.425070 -7.913370
-3.308010 8.114440 -7.951670
-3.556950 7.444220 -7.511240
-3.422910 5.031430 -6.860170
-3.576100 3.796310 -6.553790
-4.485680 4.820790 -7.338900
-5.194200 5.806970 -7.855930
-4.897390 5.242070 -7.271880
-4.169720 4.121850 -6.505910
-3.987800 3.892060 -6.180380
-4.514410 4.638870 -6.850600
-5.385690 4.926110 -7.606990
-5.835700 4.734620 -7.626140
-5.251650 4.533550 -6.917620
-4.638870 4.093120 -6.094210
-4.801640 3.260140 -6.075060
-5.414410 3.164390 -6.103780
-5.596330 3.825040 -5.711230
-5.251650 4.399510 -6.256970
-5.213350 4.179300 -6.879320
-5.548460 3.087800 -6.218680
-5.443140 3.106940 -4.954840
-5.385690 3.489930 -4.945260
-5.816550 3.786740 -5.768670
-6.496340 4.045250 -6.362300
-6.955920 3.882480 -6.429320
-6.735700 3.786740 -5.663350
-6.199530 3.662270 -4.945260
-6.285700 3.690990 -5.175050
-7.128260 3.901630 -5.720800
-7.606990 3.623970 -5.739950
-7.061240 3.365460 -5.519730
-6.324000 3.126090 -5.012280
-6.706980 3.509080 -5.136750
-7.750610 3.604820 -5.682500
-7.386770 2.810130 -5.222920
-6.745280 2.915450 -4.868660
-6.955920 2.992050 -4.686750
-7.348470 2.723960 -5.088880
-7.664440 2.771840 -5.012280
-7.338900 2.877160 -4.753770
-7.214430 2.848430 -4.456960
-7.281450 2.637790 -4.188870
-7.654860 2.589920 -4.399510
-8.420830 2.877160 -4.772920
-8.372950 2.992050 -4.753770
-7.626140 2.733540 -3.949510
-7.530390 2.522900 -3.729290
-7.425070 1.977150 -3.623970
-7.654860 2.130340 -3.662270
-8.162310 2.953750 -3.681420
-8.056990 3.087800 -4.102700
-7.425070 2.283530 -3.853760
-7.415500 1.996300 -3.470780
-8.238910 2.369700 -3.758010
-8.708060 2.542050 -3.920780
-8.842110 2.465450 -3.719720
-8.047420 2.197360 -3.509080
-7.712310 2.101620 -3.260140
-8.497420 2.015450 -3.786740
-9.004870 2.178210 -3.652690
-8.152740 1.910120 -3.260140
-7.903800 1.881400 -3.279290
-8.545290 1.948420 -3.212260
-8.985730 2.216510 -3.240990
-8.995300 2.609070 -3.231410
