1.354800 8.947430 -3.710140
1.125010 9.119770 -3.738870
1.440970 9.407000 -3.882480
1.718630 9.531480 -3.949510
1.852680 9.215510 -3.815460
1.460120 8.842110 -4.016530
1.067560 8.966580 -4.332490
1.067560 9.742120 -4.495260
1.239910 9.981480 -4.514410
1.354800 9.349560 -4.945260
1.268630 8.746360 -5.270800
1.029270 8.554870 -5.289940
0.713300 8.459130 -4.954840
0.809050 8.803810 -4.772920
1.010120 9.052750 -4.543130
1.029270 8.870830 -4.830370
0.655860 8.171890 -5.146330
0.617560 8.066570 -5.356970
0.809050 8.708060 -5.452710
0.809050 9.818710 -5.251650
0.579260 9.991050 -4.973980
0.617560 9.263390 -4.973980
0.531390 8.717640 -5.356970
0.272870 8.679340 -5.711230
0.359050 8.727210 -5.797400
0.502660 8.976150 -5.797400
0.473940 8.909130 -5.222920
0.110110 8.918700 -5.155900
-0.119680 9.196370 -5.050580
0.081380 8.976150 -5.280370
0.292020 7.817630 -5.979310
0.062230 7.951670 -6.371870
-0.598410 8.679340 -6.659110
-0.990970 9.292110 -6.448470
-1.000540 9.359130 -6.362300
-0.598410 8.124010 -6.362300
-0.292020 6.515490 -6.391020
-0.665430 5.998460 -6.343150
-1.584590 7.099540 -6.429320
-1.910120 8.104870 -6.295270
-1.326080 8.191040 -5.902720
-0.866500 7.788900 -5.854840
-1.172880 7.252730 -5.969740
-1.661190 7.128260 -6.352720
-1.843100 7.013370 -6.553790
-1.546290 6.802730 -6.371870
-1.737780 6.955920 -6.410170
-2.494170 7.741030 -6.994220
-2.733540 8.229340 -7.425070
-2.044170 7.358050 -7.520820
-1.670760 6.592080 -7.626140
-2.360130 6.841020 -7.693160
-2.666510 6.975070 -7.482520
-2.312260 6.735700 -7.262300
-2.321830 6.745280 -7.683580
-2.953750 6.209100 -8.238910
-3.221840 5.299520 -7.846350
-2.704810 4.973980 -7.118690
-2.283530 5.433560 -6.917620
-2.589920 5.893140 -7.271880
-3.518650 5.988890 -7.961250
-3.959080 5.653780 -8.420830
-3.499500 5.519730 -7.645290
-3.173970 5.471860 -7.319750
-3.461200 5.356970 -7.444220
-4.006950 5.577180 -8.133590
-4.437810 5.893140 -8.564440
-4.361210 5.883570 -8.114440
-4.112270 5.845270 -7.674010
-3.863340 5.577180 -7.932520
-4.035680 4.964410 -8.334650
-4.686750 4.523980 -8.411250
-4.820790 4.581430 -7.769760
-4.303770 4.686750 -7.042090
-4.370790 4.265470 -7.051660
-4.543130 3.892060 -7.587840
-5.213350 4.064400 -8.181460
-5.155900 4.246320 -7.472940
-4.581430 3.978230 -7.147410
-4.332490 3.968660 -6.975070
-4.629300 3.604820 -6.841020
-5.165480 3.442050 -7.099540
-5.950590 3.911210 -7.836780
-6.017610 4.169720 -7.224010
-5.538880 3.805890 -6.812300
-5.309090 3.499500 -7.022940
-5.663350 3.020770 -7.032510
-5.816550 2.676090 -6.774000
-6.046330 3.039920 -6.659110
-6.008040 3.135670 -6.592080
-5.835700 2.877160 -6.429320
-5.950590 2.877160 -6.477190
-6.103780 3.145240 -6.352720
-6.448470 3.231410 -6.496340
-6.687830 3.001620 -6.343150
-6.429320 2.436730 -6.027190
-5.998460 2.542050 -5.941020
-6.209100 3.145240 -6.075060
-6.783580 3.154820 -6.572940
-6.639960 3.039920 -6.094210
-6.649530 2.522900 -5.653780
-6.324000 2.503750 -5.730370
-6.649530 2.781410 -5.912290
-7.271880 2.896300 -6.122930
-7.386770 2.838860 -5.883570
-6.649530 2.695240 -5.500590
-6.850600 3.049500 -6.036760
-7.539970 2.676090 -5.864420
-7.511240 2.360130 -5.739950
-7.338900 2.369700 -5.692080
-7.281450 2.408000 -5.644200
-7.338900 2.656940 -5.548460
-7.185710 2.455870 -5.433560
-7.137830 2.283530 -5.347390
-7.645290 2.475020 -5.414410
-7.664440 2.388850 -5.165480
-7.080390 1.852680 -5.041010
-7.089960 2.216510 -5.443140
-7.674010 2.771840 -5.232500
-7.903800 2.877160 -4.801640
-7.712310 2.360130 -4.552700
-7.559120 1.967570 -4.562280
-7.942100 2.685660 -4.859090
-7.808050 3.001620 -4.887810
-7.549540 2.628220 -4.763340
-7.616560 1.977150 -4.409090
-7.731460 1.967570 -4.581430
-8.114440 2.120770 -4.552700
-7.980400 2.484600 -4.476110
-7.865500 2.714390 -4.208020
-7.827200 1.948420 -3.853760
-8.191040 1.996300 -4.418660
-8.459130 2.206940 -4.476110
-7.798480 2.082470 -4.093120
-7.721880 1.977150 -4.303770
-8.420830 2.082470 -4.121850
-8.497420 1.938850 -3.978230
