1.010120 9.627220 -2.561200
1.105860 9.636790 -2.494170
1.201610 9.502750 -2.465450
1.057990 9.493180 -2.465450
0.962240 9.569770 -2.484600
1.077140 9.512330 -2.532470
1.211180 9.474030 -2.522900
1.172880 9.627220 -2.446300
1.019690 9.655940 -2.360130
0.943090 9.665520 -2.408000
1.105860 9.627220 -2.542050
1.057990 9.541050 -2.628220
0.933520 9.560200 -2.580340
1.086710 9.569770 -2.388850
1.192030 9.502750 -2.398430
1.125010 9.454880 -2.465450
1.057990 9.560200 -2.522900
0.971820 9.617650 -2.551620
0.943090 9.636790 -2.513320
1.153730 9.550620 -2.350550
1.278200 9.426150 -2.427150
1.057990 9.464450 -2.522900
0.904800 9.703820 -2.542050
1.000540 9.713390 -2.542050
1.182460 9.464450 -2.561200
1.230330 9.474030 -2.561200
1.086710 9.588920 -2.503750
1.077140 9.608070 -2.494170
1.134590 9.675090 -2.513320
1.077140 9.857010 -2.589920
0.789900 9.828290 -2.723960
0.780330 9.789990 -2.580340
1.326080 9.732540 -2.427150
1.354800 10.029350 -2.589920
0.617560 10.249570 -2.944180
0.100530 10.163400 -3.087800
0.540960 10.230420 -2.896300
1.373950 10.565530 -2.331410
1.421820 10.862340 -2.216510
0.512240 10.709150 -3.240990
0.043090 10.450630 -3.863340
0.675010 10.757020 -4.744190
0.722880 10.747440 -5.261220
0.732450 10.326160 -5.079300
0.703730 9.407000 -4.964410
0.483520 8.315510 -5.232500
-0.043090 7.913370 -5.969740
-0.110110 7.884650 -5.912290
-0.004790 8.468700 -5.577180
-0.952670 9.320830 -5.510160
-1.670760 9.789990 -5.433560
-1.211180 9.445300 -5.462290
-1.134590 8.784660 -5.577180
-1.498420 8.200610 -5.893140
-1.958000 8.162310 -6.113360
-1.833530 7.894220 -5.328240
-1.546290 7.482520 -4.543130
-2.331410 7.310180 -4.906960
-3.336730 7.932520 -7.003790
-3.059070 7.999550 -6.735700
-2.388850 5.950590 -5.979310
-2.484600 5.692080 -5.816550
-2.819710 6.592080 -6.027190
-2.838860 7.061240 -6.975070
-3.097370 6.668680 -7.022940
-3.116520 6.170800 -6.228250
-3.403760 6.161230 -6.084630
-3.576100 6.189950 -6.256970
-3.394180 6.094210 -6.879320
-3.480350 6.065480 -6.879320
-4.016530 6.199530 -6.362300
-4.361210 6.458040 -6.256970
-4.227170 6.697400 -6.745280
-4.083550 6.438890 -7.568690
-4.485680 5.787820 -7.741030
-4.801640 5.385690 -7.013370
-4.562280 5.309090 -6.343150
-4.629300 5.519730 -6.821870
-5.175050 5.165480 -7.616560
-5.414410 4.926110 -7.664440
-5.481440 5.701650 -7.453800
-5.146330 6.113360 -7.156980
-5.222920 5.356970 -7.626140
-5.873990 4.581430 -7.817630
-6.544210 4.208020 -7.310180
-6.256970 4.198450 -6.304850
-5.605900 3.911210 -6.362300
-5.366540 3.681420 -6.649530
-6.017610 3.872910 -6.917620
-6.908050 4.150570 -6.726130
-6.927190 3.901630 -6.017610
-5.969740 3.336730 -5.414410
-5.644200 3.604820 -5.739950
-6.410170 3.767590 -6.065480
-6.821870 3.461200 -5.653780
-6.793150 3.116520 -5.165480
-6.553790 2.551620 -5.347390
-6.371870 2.666510 -5.634630
-7.233580 3.078220 -5.682500
-7.377200 2.886730 -5.289940
-6.592080 2.781410 -4.562280
-5.835700 2.408000 -4.619720
-6.745280 2.829280 -4.839940
-7.817630 2.800560 -4.954840
-7.367620 2.599490 -4.916540
-6.525060 2.302680 -4.169720
-6.563360 2.369700 -4.313340
-8.047420 2.953750 -4.916540
-8.420830 2.484600 -4.734620
-7.166560 2.206940 -4.083550
-6.917620 2.379280 -3.777160
-8.037840 2.628220 -4.064400
-8.382530 2.369700 -4.418660
-7.760180 2.293110 -4.380360
-7.262300 2.637790 -4.236740
-7.750610 2.302680 -3.317590
-7.578260 1.852680 -3.576100
-8.114440 2.139910 -3.978230
-8.229340 2.312260 -4.035680
-8.372950 2.273960 -3.690990
-8.267630 1.900550 -3.193120
-8.200610 1.833530 -3.528230
-8.430400 2.331410 -3.135670
-8.200610 2.082470 -3.039920
-8.621890 1.766510 -3.355880
-8.832530 1.919700 -3.413330
-8.803810 2.216510 -3.106940
-8.334650 1.881400 -2.896300
-8.411250 1.977150 -3.087800
-8.487850 1.986720 -2.790980
-8.277210 1.967570 -2.819710
-8.104870 1.967570 -2.570770
-8.708060 2.369700 -3.001620
-8.899550 1.632460 -2.867580
-8.650620 1.517570 -3.164390
-8.612320 1.642040 -2.752690
-8.736790 1.823950 -2.570770
