2.398430 9.330410 -2.762260
2.379280 9.148490 -2.762260
2.446300 9.167640 -2.752690
2.542050 9.330410 -2.647370
2.513320 9.445300 -2.637790
2.503750 9.426150 -2.685660
2.331410 9.301690 -2.656940
2.178210 9.234660 -2.656940
2.379280 9.272960 -2.618640
2.551620 9.397430 -2.685660
2.513320 9.493180 -2.695240
2.360130 9.502750 -2.714390
2.312260 9.359130 -2.685660
2.360130 9.205940 -2.637790
2.398430 9.167640 -2.618640
2.484600 9.244240 -2.551620
2.628220 9.397430 -2.685660
2.589920 9.502750 -2.752690
2.360130 9.541050 -2.800560
2.130340 9.416580 -2.762260
2.254810 9.158070 -2.666510
2.513320 9.158070 -2.618640
2.589920 9.320830 -2.589920
2.484600 9.454880 -2.723960
2.360130 9.387860 -2.781410
2.321830 9.311260 -2.829280
2.302680 9.474030 -2.714390
2.398430 9.531480 -2.589920
2.417580 9.502750 -2.656940
2.350550 9.617650 -2.666510
2.388850 9.646370 -2.695240
2.254810 9.483600 -2.637790
2.264380 9.272960 -2.522900
2.408000 9.062320 -2.398430
2.522900 9.196370 -2.254810
2.666510 9.464450 -2.072890
2.302680 10.077230 -2.427150
2.034590 10.316590 -2.790980
2.273960 10.010200 -3.183540
2.465450 9.464450 -3.126090
2.455870 9.464450 -3.164390
2.666510 9.512330 -2.800560
2.790980 9.608070 -2.676090
2.494170 9.924030 -2.609070
2.293110 9.675090 -2.886730
2.206940 8.918700 -3.451630
2.120770 9.818710 -4.054830
1.651610 10.412330 -4.380360
1.795230 10.345310 -3.834610
2.379280 10.431480 -3.499500
2.331410 10.067650 -3.298440
1.900550 10.450630 -3.202690
1.460120 10.804890 -3.930360
1.182460 9.531480 -5.041010
1.029270 8.727210 -6.113360
0.540960 9.608070 -6.237830
-0.004790 9.943180 -5.366540
0.110110 9.091040 -5.538880
-0.148410 8.775080 -6.429320
-0.426070 9.253810 -6.745280
-0.263300 9.301690 -5.960160
-0.100530 9.445300 -5.423990
-0.320750 9.713390 -6.113360
-0.416490 9.493180 -7.482520
-0.866500 8.497420 -8.794230
-1.450550 7.798480 -8.439980
-2.111190 6.936770 -7.760180
-2.494170 7.137830 -7.176130
-2.810130 7.195280 -7.817630
-3.652690 5.385690 -8.947430
-4.016530 3.595250 -8.688910
-4.562280 3.164390 -7.721880
-4.552700 4.198450 -6.458040
-3.892060 4.859090 -6.142080
-3.212260 4.303770 -7.195280
-3.671840 4.275040 -8.066570
-4.571850 5.108030 -7.932520
-4.906960 4.993130 -6.908050
-4.552700 3.796310 -6.199530
-4.811220 3.240990 -6.821870
-5.634630 3.920780 -7.606990
-6.084630 4.543130 -7.156980
-5.797400 3.528230 -6.429320
-5.634630 3.030350 -6.525060
-5.826120 3.135670 -6.793150
-6.075060 3.690990 -6.793150
-6.343150 3.844190 -5.586760
-5.558030 2.934600 -5.462290
-5.730370 3.164390 -6.362300
-6.534640 3.231410 -6.639960
-6.678260 2.484600 -5.768670
-6.209100 2.120770 -5.280370
-6.496340 2.963330 -5.672930
-6.869750 3.403760 -5.337820
-6.228250 2.580340 -5.117600
-6.706980 2.082470 -5.299520
-6.639960 1.977150 -4.581430
-6.055910 2.915450 -4.188870
-6.706980 3.250560 -3.968660
-7.568690 2.992050 -4.313340
-8.143160 2.570770 -4.753770
-7.606990 2.542050 -4.418660
-6.362300 2.771840 -3.470780
-6.324000 2.580340 -2.752690
-7.626140 2.676090 -3.365460
-9.100620 3.145240 -4.581430
-9.263390 2.570770 -4.188870
-7.693160 2.513320 -3.671840
-6.955920 1.709060 -2.628220
-7.348470 2.350550 -2.743110
-8.650620 2.704810 -3.528230
-8.899550 2.331410 -4.026100
-8.028270 1.938850 -2.704810
-8.124010 1.910120 -2.484600
-8.095290 1.565440 -2.599490
-8.842110 2.082470 -3.375030
-9.024020 1.986720 -2.886730
-8.238910 1.728210 -2.714390
-8.516570 1.881400 -2.858010
-8.392100 1.565440 -2.628220
-8.545290 1.642040 -2.570770
-9.052750 1.642040 -2.542050
-8.497420 0.742030 -2.436730
-8.315510 1.373950 -2.417580
-8.478270 1.507990 -2.723960
-8.621890 1.642040 -2.800560
-8.554870 1.383520 -2.072890
-8.583590 1.153730 -1.948420
-9.167640 1.010120 -1.814380
-8.621890 1.354800 -1.756930
-8.305930 1.642040 -2.331410
-8.641040 1.507990 -2.101620
-9.014450 1.105860 -2.053740
-8.717640 0.789900 -1.239910
-8.717640 1.000540 -2.053740
-8.344230 1.038840 -2.245230
-8.909130 0.885650 -2.532470
