0.699776572910 -3.622873971820 13.062362873413
0.854074168777 -3.822620622454 12.040855550448
1.008014664864 -4.007364970909 11.008550864016
1.161101085613 -4.178225267051 9.969933540378
1.312821065503 -4.335562768596 8.928902130404
1.462597121318 -4.479002499992 7.889134029683
1.609732579158 -4.607397901979 6.854426299125
1.753347120933 -4.718735322279 5.829049683458
1.892295225507 -4.809971114237 4.818154078853
2.025059824575 -4.876791753355 3.828266741734
2.149612782882 -4.913287914335 2.867927859269
2.263234531718 -4.911540972390 1.948506992667
2.362289853658 -4.861142762816 1.085227971514
2.441970318462 -4.748720453851 0.298378319899
2.496044574089 -4.557638957920 -0.385444571823
2.516717197851 -4.268226302461 -0.932448378103
2.494793852768 -3.859113272623 -1.301944447756
2.420470047571 -3.310510529356 -1.449209256709
2.285120010650 -2.610179042959 -1.332649077369
2.084265291858 -1.761942885357 -0.926337938799
1.821207420677 -0.794385328299 -0.236165170546
1.509684530407 0.235440836739 0.687111624486
1.173246318940 1.248981229844 1.748072650521
0.840210028595 2.164549653933 2.826096231365
0.536028300317 2.919292255678 3.807550995059
0.277063298072 3.483076443989 4.613964669435
0.068680067628 3.858405259139 5.212721503292
-0.092587220686 4.069956288212 5.609965552470
-0.215122298830 4.151648457257 5.834943659841
-0.308720380500 4.136913304977 5.925105743680
-0.382400177223 4.053678204775 5.916327533959
-0.443460431497 3.922998057812 5.838340915340
-0.497339561568 3.759681971658 5.713689333881
-0.547862783470 3.573657414157 5.558484551256
-0.597608676033 3.371377684498 5.383799422758
-0.648259841118 3.156987305651 5.197078935872
-0.700886358053 2.933183227433 5.003315052916
-0.756154063983 2.701806227731 4.805926564366
-0.814467882559 2.464225316578 4.607372491862
-0.876065511896 2.221576051872 4.409556109495
-0.941076007243 1.974901403967 4.214077504070
-1.009554955046 1.725230244815 4.022382772399
-1.081504818553 1.473617120859 3.835845810471
-1.156886358988 1.221158499466 3.655807775801
-1.235624994911 0.968994882733 3.483590853833
-1.317614518260 0.718304454130 3.320496945655
-1.402719618570 0.470291649952 3.167797885023
-1.490778046342 0.226172728076 3.026721256046
-1.581602860797 -0.012840325101 2.898434344199
-1.674984972877 -0.245556600036 2.784027846268
-1.770696053597 -0.470823041148 2.684500432569
-1.868491793716 -0.687540576308 2.600744930580
-1.968115450922 -0.894679066367 2.533536682083
-2.069301592204 -1.091290622950 2.483524459510
-2.171779924833 -1.276520928725 2.451224183505
-2.275279105215 -1.449618288795 2.437015551057
-2.379530418502 -1.609940242544 2.441141559973
-2.484271231471 -1.756957667602 2.463710803055
-2.589248135320 -1.890256406159 2.504702308011
-2.694219712276 -2.009536533452 2.563972620384
-2.798958878905 -2.114609464492 2.641264769304
-2.903254778339 -2.205393155101 2.736218720455
-3.006914212284 -2.281905695360 2.848382907055
-3.109762620562 -2.344257617616 2.977226435741
-3.211644630453 -2.392643248121 3.122151587271
-3.312424209706 -2.427331423350 3.282506268240
-3.411984465728 -2.448655871652 3.457596115680
-3.510227139028 -2.457005531057 3.646696007665
-3.607071841778 -2.452815037965 3.849060786385
-3.702455092751 -2.436555581872 4.063935052557
-3.796329198148 -2.408726280704 4.290561939220
-3.888661024640 -2.369846191989 4.528190817139
-3.979430706508 -2.320447038397 4.776083922205
-4.068630323735 -2.261066693329 5.033521926781
-4.156262582425 -2.192243443922 5.299808501911
-4.242339523488 -2.114511025231 5.574273935942
-4.326881280232 -2.028394400571 5.856277887948
-4.409914900598 -1.934406248654 6.145211362160
-4.491473245347 -1.833044107951 6.440497993139
-4.571593969617 -1.724788122073 6.741594731460
-4.650318591966 -1.610099326340 7.047992017067
-4.727691652235 -1.489418414605 7.359213522786
-4.803759957389 -1.363164926245 7.674815544507
-4.878571912710 -1.231736795545 7.994386107615
-4.952176934471 -1.095510209112 8.317543852005
