names.append("HeadPitch")
times.append([1.76, 3.04, 4.04, 5.16, 5.64, 6.32, 6.8, 7.28])
keys.append([-0.142704, -0.142704, -0.142704, -0.142704, -0.142704, -0.142704, -0.142704, -0.142704])

names.append("HeadYaw")
times.append([1.76, 3.04, 4.04, 5.16, 5.64, 6.32, 6.8, 7.28])
keys.append([0, 0, 0, 0, 0, 0, 0, 0])

names.append("LAnklePitch")
times.append([1.76, 3.04, 4.04, 5.16, 5.64, 6.32, 6.8, 7.28])
keys.append([0.0904641, 0.0904641, 0.0904641, 0.0904641, 0.0873961, 0.0873961, 0.0873961, 0.0873961])

names.append("LAnkleRoll")
times.append([1.76, 3.04, 4.04, 5.16, 5.64, 6.32, 6.8, 7.28])
keys.append([-0.125746, -0.125746, -0.125746, -0.125746, -0.125746, -0.125746, -0.125746, -0.125746])

names.append("LElbowRoll")
times.append([1.76, 3.04, 4.04, 5.16, 5.64, 6.32, 6.8, 7.28])
keys.append([-0.61049, -0.601285, -1.46953, -1.4864, -0.690259, -0.64884, -0.631966, -0.601285])

names.append("LElbowYaw")
times.append([1.76, 3.04, 4.04, 5.16, 5.64, 6.32, 6.8, 7.28])
keys.append([-1.79636, -1.8117, -1.45121, -1.45427, -1.77334, -1.78408, -1.77181, -1.81476])

names.append("LHand")
times.append([1.76, 3.04, 4.04, 5.16, 5.64, 6.32, 6.8, 7.28])
keys.append([0.3908, 0.3908, 0.3908, 0.3908, 0.3908, 0.3908, 0.3908, 0.3908])

names.append("LHipPitch")
times.append([1.76, 3.04, 4.04, 5.16, 5.64, 6.32, 6.8, 7.28])
keys.append([0.130432, 0.130432, 0.130432, 0.130432, 0.130432, 0.130432, 0.130432, 0.130432])

names.append("LHipRoll")
times.append([1.76, 3.04, 4.04, 5.16, 5.64, 6.32, 6.8, 7.28])
keys.append([0.108956, 0.108956, 0.108956, 0.108956, 0.108956, 0.108956, 0.108956, 0.108956])

names.append("LHipYawPitch")
times.append([1.76, 3.04, 4.04, 5.16, 5.64, 6.32, 6.8, 7.28])
keys.append([-0.176367, -0.176367, -0.176367, -0.176367, -0.176367, -0.176367, -0.176367, -0.176367])

names.append("LKneePitch")
times.append([1.76, 3.04, 4.04, 5.16, 5.64, 6.32, 6.8, 7.28])
keys.append([-0.0859461, -0.0859461, -0.0859461, -0.0859461, -0.0859461, -0.0859461, -0.0859461, -0.0859461])

names.append("LShoulderPitch")
times.append([1.76, 3.04, 4.04, 5.16, 5.64, 6.32, 6.8, 7.28])
keys.append([1.56924, 1.58458, 0.452487, 0.745483, -0.411154, 0.0643861, 0.693327, 1.45726])

names.append("LShoulderRoll")
times.append([1.76, 3.04, 4.04, 5.16, 5.64, 6.32, 6.8, 7.28])
keys.append([0.00302602, -0.0153821, -0.286901, -0.305309, -0.289967, -0.312978, -0.314159, -0.0874801])

names.append("LWristYaw")
times.append([1.76, 3.04, 4.04, 5.16, 5.64, 6.32, 6.8, 7.28])
keys.append([-1.08765, -1.07844, 1.82387, 1.69349, 1.6306, 1.58611, 1.71957, 0.200912])

names.append("RAnklePitch")
times.append([1.76, 3.04, 4.04, 5.16, 5.64, 6.32, 6.8, 7.28])
keys.append([0.090548, 0.090548, 0.090548, 0.090548, 0.092082, 0.092082, 0.092082, 0.092082])

names.append("RAnkleRoll")
times.append([1.76, 3.04, 4.04, 5.16, 5.64, 6.32, 6.8, 7.28])
keys.append([0.131966, 0.131966, 0.131966, 0.131966, 0.131966, 0.131966, 0.131966, 0.131966])

names.append("RElbowRoll")
times.append([1.76, 3.04, 4.04, 5.16, 5.64, 6.32, 6.8, 7.28])
keys.append([1.54462, 1.43433, 1.41286, 1.40365, 1.34076, 1.34076, 1.34076, 0.731761])

names.append("RElbowYaw")
times.append([1.76, 3.04, 4.04, 5.16, 5.64, 6.32, 6.8, 7.28])
keys.append([1.24403, 1.25937, 1.25937, 1.25937, 1.28238, 1.28238, 1.28238, 1.45419])

names.append("RHand")
times.append([1.76, 3.04, 4.04, 5.16, 5.64, 6.32, 6.8, 7.28])
keys.append([0.2856, 0.2856, 0.2856, 0.2856, 0.2856, 0.2856, 0.2856, 0.2856])

names.append("RHipPitch")
times.append([1.76, 3.04, 4.04, 5.16, 5.64, 6.32, 6.8, 7.28])
keys.append([0.125746, 0.125746, 0.125746, 0.125746, 0.12728, 0.12728, 0.12728, 0.12728])

names.append("RHipRoll")
times.append([1.76, 3.04, 4.04, 5.16, 5.64, 6.32, 6.8, 7.28])
keys.append([-0.102736, -0.102736, -0.102736, -0.102736, -0.102736, -0.102736, -0.102736, -0.102736])

names.append("RHipYawPitch")
times.append([1.76, 3.04, 4.04, 5.16, 5.64, 6.32, 6.8, 7.28])
keys.append([-0.176367, -0.176367, -0.176367, -0.176367, -0.176367, -0.176367, -0.176367, -0.176367])

names.append("RKneePitch")
times.append([1.76, 3.04, 4.04, 5.16, 5.64, 6.32, 6.8, 7.28])
keys.append([-0.0889301, -0.0889301, -0.0889301, -0.0889301, -0.0889301, -0.0889301, -0.0889301, -0.0889301])

names.append("RShoulderPitch")
times.append([1.76, 3.04, 4.04, 5.16, 5.64, 6.32, 6.8, 7.28])
keys.append([0.173384, 0.391212, 0.457173, 0.469446, 0.641253, 0.641253, 0.641253, 1.5233])

names.append("RShoulderRoll")
times.append([1.76, 3.04, 4.04, 5.16, 5.64, 6.32, 6.8, 7.28])
keys.append([0.0106959, 0.0628521, 0.0643861, 0.049046, 0.033706, 0.033706, 0.033706, -0.099752])

names.append("RWristYaw")
times.append([1.76, 3.04, 4.04, 5.16, 5.64, 6.32, 6.8, 7.28])
keys.append([-1.64909, -1.63068, -1.64142, -1.64142, -1.62915, -1.62915, -1.62915, 0.328234])
