1.17288,9.56020,-2.57077
1.08671,9.55062,-2.50375
1.10586,9.61765,-2.42715
1.23033,9.58892,-2.41758
1.19203,9.49318,-2.50375
1.07714,9.56977,-2.55162
1.08671,9.64637,-2.50375
1.19203,9.57935,-2.54205
1.19203,9.40700,-2.57077
1.05799,9.47403,-2.51332
1.07714,9.62722,-2.44630
1.12501,9.58892,-2.49417
1.08671,9.57935,-2.55162
1.05799,9.58892,-2.57077
1.12501,9.53148,-2.52290
1.13459,9.53148,-2.55162
1.02927,9.56020,-2.57077
1.01012,9.62722,-2.56120
1.10586,9.63679,-2.49417
1.20161,9.50275,-2.46545
1.05799,9.49318,-2.46545
0.96224,9.56977,-2.48460
1.07714,9.51233,-2.53247
1.21118,9.47403,-2.52290
1.17288,9.62722,-2.44630
1.01969,9.65594,-2.36013
0.94309,9.66552,-2.40800
1.10586,9.62722,-2.54205
1.05799,9.54105,-2.62822
0.93352,9.56020,-2.58034
1.08671,9.56977,-2.38885
1.19203,9.50275,-2.39843
1.12501,9.45488,-2.46545
1.05799,9.56020,-2.52290
0.97182,9.61765,-2.55162
0.94309,9.63679,-2.51332
1.15373,9.55062,-2.35055
1.27820,9.42615,-2.42715
1.05799,9.46445,-2.52290
0.90480,9.70382,-2.54205
1.00054,9.71339,-2.54205
1.18246,9.46445,-2.56120
1.23033,9.47403,-2.56120
1.08671,9.58892,-2.50375
1.07714,9.60807,-2.49417
1.13459,9.67509,-2.51332
1.07714,9.85701,-2.58992
0.78990,9.82829,-2.72396
0.78033,9.78999,-2.58034
1.32608,9.73254,-2.42715
1.35480,10.02935,-2.58992
0.61756,10.24957,-2.94418
0.10053,10.16340,-3.08780
0.54096,10.23042,-2.89630
1.37395,10.56553,-2.33141
1.42182,10.86234,-2.21651
0.51224,10.70915,-3.24099
0.04309,10.45063,-3.86334
0.67501,10.75702,-4.74419
0.72288,10.74744,-5.26122
0.73245,10.32616,-5.07930
0.70373,9.40700,-4.96441
0.48352,8.31551,-5.23250
-0.04309,7.91337,-5.96974
-0.11011,7.88465,-5.91229
-0.00479,8.46870,-5.57718
-0.95267,9.32083,-5.51016
-1.67076,9.78999,-5.43356
-1.21118,9.44530,-5.46229
-1.13459,8.78466,-5.57718
-1.49842,8.20061,-5.89314
-1.95800,8.16231,-6.11336
-1.83353,7.89422,-5.32824
-1.54629,7.48252,-4.54313
-2.33141,7.31018,-4.90696
-3.33673,7.93252,-7.00379
-3.05907,7.99955,-6.73570
-2.38885,5.95059,-5.97931
-2.48460,5.69208,-5.81655
-2.81971,6.59208,-6.02719
-2.83886,7.06124,-6.97507
-3.09737,6.66868,-7.02294
-3.11652,6.17080,-6.22825
-3.40376,6.16123,-6.08463
-3.57610,6.18995,-6.25697
-3.39418,6.09421,-6.87932
-3.48035,6.06548,-6.87932
-4.01653,6.19953,-6.36230
-4.36121,6.45804,-6.25697
-4.22717,6.69740,-6.74528
-4.08355,6.43889,-7.56869
-4.48568,5.78782,-7.74103
-4.80164,5.38569,-7.01337
-4.56228,5.30909,-6.34315
-4.62930,5.51973,-6.82187
-5.17505,5.16548,-7.61656
-5.41441,4.92611,-7.66444
-5.48144,5.70165,-7.45380
-5.14633,6.11336,-7.15698
-5.22292,5.35697,-7.62614
-5.87399,4.58143,-7.81763
-6.54421,4.20802,-7.31018
-6.25697,4.19845,-6.30485
-5.60590,3.91121,-6.36230
-5.36654,3.68142,-6.64953
-6.01761,3.87291,-6.91762
-6.90805,4.15057,-6.72613
-6.92719,3.90163,-6.01761
-5.96974,3.33673,-5.41441
-5.64420,3.60482,-5.73995
-6.41017,3.76759,-6.06548
-6.82187,3.46120,-5.65378
-6.79315,3.11652,-5.16548
-6.55379,2.55162,-5.34739
-6.37187,2.66651,-5.63463
-7.23358,3.07822,-5.68250
-7.37720,2.88673,-5.28994
-6.59208,2.78141,-4.56228
-5.83570,2.40800,-4.61972
-6.74528,2.82928,-4.83994
-7.81763,2.80056,-4.95484
-7.36762,2.59949,-4.91654
-6.52506,2.30268,-4.16972
-6.56336,2.36970,-4.31334
-8.04742,2.95375,-4.91654
-8.42083,2.48460,-4.73462
-7.16656,2.20694,-4.08355
-6.91762,2.37928,-3.77716
-8.03784,2.62822,-4.06440
-8.38253,2.36970,-4.41866
-7.76018,2.29311,-4.38036
-7.26230,2.63779,-4.23674
-7.75061,2.30268,-3.31759
-7.57826,1.85268,-3.57610
-8.11444,2.13991,-3.97823
-8.22934,2.31226,-4.03568
-8.37295,2.27396,-3.69099
-8.26763,1.90055,-3.19312
-8.20061,1.83353,-3.52823
-8.43040,2.33141,-3.13567
-8.20061,2.08247,-3.03992
-8.62189,1.76651,-3.35588
-8.83253,1.91970,-3.41333
-8.80381,2.21651,-3.10694
-8.33465,1.88140,-2.89630
-8.41125,1.97715,-3.08780
-8.48785,1.98672,-2.79098
-8.27721,1.96757,-2.81971
-8.10487,1.96757,-2.57077
-8.70806,2.36970,-3.00162
-8.89955,1.63246,-2.86758
-8.65062,1.51757,-3.16439
-8.61232,1.64204,-2.75269
-8.73679,1.82395,-2.57077
-8.66976,1.61331,-2.46545
-8.58359,1.44097,-2.54205
-8.73679,1.89098,-2.78141
-8.95700,1.48884,-2.45587
-8.64104,1.01012,-2.65694
-8.41125,1.62289,-2.52290
-8.53572,1.76651,-2.20694
-8.83253,1.05799,-2.39843
-8.46870,0.78990,-2.00587
-8.57402,1.54629,-2.17821
-8.82296,1.80480,-2.54205
-8.99530,1.90055,-2.28353
-9.01445,1.55587,-2.15906
-8.77508,1.40267,-1.51757
-8.41125,1.77608,-1.77608
-8.71764,2.12077,-2.75269
-8.63147,1.86225,-2.66651
-8.70806,1.77608,-2.37928
-8.61232,2.02502,-2.07289
-8.39210,1.36437,-2.23566
-8.69849,1.90055,-1.78566
-9.07190,1.62289,-1.92927
-9.28254,1.02927,-2.29311
-8.96658,1.70906,-1.77608
-9.17722,1.70906,-1.96757
-9.12934,2.13991,-1.83353
-8.70806,1.72821,-1.80480
-8.48785,1.56544,-2.16864
-8.43998,1.35480,-1.90055
-9.15807,1.80480,-1.93885
-9.47403,1.73778,-1.92927
-9.21551,1.44097,-1.95800
-8.71764,1.60374,-1.94842
-8.69849,1.64204,-2.57077
-8.97615,2.02502,-1.85268
-8.98573,1.83353,-1.69948
-8.86126,1.36437,-1.97715
-8.80381,1.61331,-1.90055
-9.44530,2.40800,-2.31226
-9.13892,1.80480,-2.24523
-8.60274,1.34523,-1.99630
-8.64104,1.65161,-1.59416
-8.88040,1.76651,-1.78566
-9.23466,2.01545,-2.03459
-9.00487,1.97715,-1.94842
-8.98573,1.68991,-1.94842
-8.74636,1.81438,-1.95800
-9.03360,2.07289,-1.96757
-8.98573,1.59416,-1.84310
-8.98573,1.69948,-1.92927
-8.88040,1.91970,-2.04417
-8.71764,1.82395,-1.96757
-8.83253,1.91012,-1.60374
-9.05275,1.97715,-1.66119
-9.04317,1.62289,-2.11119
-8.94743,1.64204,-2.10162
-9.05275,2.06332,-1.84310
-9.00487,1.77608,-1.91970
-8.66976,1.90055,-1.80480
-8.85168,1.92927,-1.88140
-9.10062,1.97715,-1.80480
-9.11019,2.09204,-1.58459
-9.20594,1.83353,-1.70906
-8.91870,1.66119,-1.72821
-8.69849,1.72821,-1.81438
-8.64104,1.92927,-1.89098
-8.85168,1.93885,-1.99630
-9.20594,1.81438,-1.95800
-8.88040,1.77608,-1.58459
-8.74636,1.93885,-1.55587
-8.88040,1.95800,-1.90055
-9.16764,2.11119,-2.05374
-8.94743,2.15906,-1.73778
-8.93785,1.83353,-1.89098
-8.82296,1.67076,-1.68991
-8.89955,1.94842,-1.78566
-8.88040,1.92927,-1.90055
-8.92828,1.84310,-1.98672
-8.93785,1.84310,-1.91970
-9.02402,1.73778,-1.92927
-9.05275,1.87183,-1.96757
-8.99530,2.09204,-1.91970
-8.96658,1.90055,-1.92927
-8.90913,1.43140,-2.00587
-8.72721,1.59416,-1.73778
-8.69849,1.73778,-1.73778
