1.18246,9.46445,-2.23566
1.14416,9.73254,-2.31226
0.94309,10.01020,-2.32183
0.74203,10.06765,-2.34098
0.82820,9.95276,-2.25481
1.01969,9.87616,-2.22609
1.07714,9.78041,-2.22609
1.01969,9.67509,-2.26438
0.99097,9.67509,-2.29311
1.01012,9.70382,-2.23566
0.88565,9.61765,-2.13991
0.74203,9.44530,-2.10162
0.82820,9.14849,-2.08247
1.01012,8.93785,-1.99630
1.13459,9.01445,-2.01545
1.05799,9.33998,-2.00587
0.86650,9.63679,-1.99630
0.65586,9.74212,-1.88140
0.60798,9.62722,-1.73778
0.74203,9.34956,-1.68991
0.89522,9.14849,-1.69948
0.82820,9.14849,-1.68991
0.70373,9.27296,-1.68991
0.81862,9.33041,-1.71863
0.85692,9.44530,-1.80480
0.55054,9.64637,-1.77608
0.37820,9.66552,-1.71863
0.59841,9.31126,-1.68991
0.96224,8.96658,-1.73778
1.11544,9.23466,-1.85268
1.01012,9.95276,-1.91970
0.67501,10.41233,-1.88140
0.42607,10.31659,-1.90055
0.56011,9.69424,-1.82395
0.91437,8.98573,-1.77608
1.23033,8.76551,-1.75693
1.38352,9.16764,-1.96757
1.30693,9.97190,-2.17821
1.08671,10.94851,-2.30268
0.71330,11.77192,-2.37928
0.30160,12.39427,-2.28353
0.29202,12.51874,-2.04417
0.64628,12.12618,-1.67076
1.07714,11.13043,-1.16331
1.43140,9.83786,-0.67501
1.47927,8.85168,-0.49309
1.31650,8.12401,-0.47394
1.06756,7.44422,-0.60798
0.78990,7.43465,-0.68458
0.63671,8.17189,-0.75160
0.55054,8.80381,-0.88565
0.51224,9.07190,-1.04841
0.74203,8.85168,-1.06756
1.55587,8.47827,-1.13459
1.96757,8.38253,-1.13459
1.55587,9.57935,-1.57502
0.30160,11.66660,-2.47502
-0.60798,11.89639,-2.62822
0.46437,10.87191,-2.83886
2.20694,9.21551,-2.79098
2.58034,8.37295,-2.52290
1.11544,8.90913,-2.88673
-0.12926,9.49318,-3.71014
1.16331,9.79956,-3.46120
3.56652,9.61765,-3.65269
4.51441,7.38677,-5.58676
3.90163,6.40059,-5.10803
1.69948,7.70273,-4.74419
-0.04309,9.69424,-4.13142
0.51224,10.01978,-3.78674
1.91970,8.06657,-4.02610
2.36970,6.50591,-4.46653
1.83353,7.52082,-4.37079
1.50799,9.60807,-4.10270
2.04417,10.93894,-4.16015
2.71439,10.42191,-3.98780
3.43248,9.39743,-4.11227
3.01120,9.41658,-4.16972
2.01545,9.44530,-4.48568
2.25481,9.31126,-4.38994
2.64737,8.91870,-4.71547
2.75269,8.26763,-5.51973
2.53247,8.48785,-6.16123
2.63779,9.11977,-5.59633
2.69524,8.67934,-4.83037
2.39843,8.01869,-4.36121
2.09204,8.31551,-4.19845
2.26438,8.80381,-4.46653
2.70481,9.16764,-4.99313
2.86758,9.27296,-5.64420
2.32183,9.20594,-6.16123
2.11119,8.64104,-6.11336
2.20694,8.26763,-6.03676
2.29311,8.73679,-5.86442
2.13991,10.13467,-6.16123
2.12077,10.36446,-6.07506
2.27396,9.21551,-6.32400
2.38885,8.11444,-6.46762
1.86225,8.09529,-6.50591
1.37395,8.94743,-6.15165
1.34523,8.91870,-5.75910
1.83353,8.00912,-5.66335
1.47927,8.35380,-6.90805
0.69416,8.03784,-7.44422
0.36862,7.12826,-7.18571
0.27287,7.31975,-7.27188
-0.33032,7.31018,-7.53997
-0.47394,6.88890,-6.99422
-0.15798,7.13783,-6.93677
-0.70373,7.24315,-7.12826
-2.13034,8.22934,-8.69849
-2.65694,8.67934,-9.78041
-1.31650,7.09954,-9.20594
-0.25373,6.01761,-8.73679
-1.59416,6.33357,-8.56444
-3.73887,5.95059,-8.43040
-3.23141,4.77292,-8.30593
-2.01545,4.30377,-8.64104
-3.51865,4.65802,-9.04317
-5.54846,4.27504,-8.31551
-5.59633,3.67184,-7.55912
-4.57185,2.85801,-6.48677
-4.47611,2.44630,-5.82612
-6.38144,3.54737,-6.67826
-7.47294,4.03568,-7.60699
-6.67826,3.82504,-7.32933
-7.13783,3.03035,-6.23783
-7.51124,2.26438,-5.24207
-7.12826,1.53672,-4.78249
-6.98464,1.49842,-5.20377
-7.22401,2.00587,-5.65378
-7.79848,2.08247,-5.48144
-7.93252,1.72821,-5.02186
-7.50167,1.77608,-4.54313
-7.47294,0.91437,-4.21759
-8.28678,0.20585,-5.01228
-8.71764,1.53672,-5.20377
-10.22084,1.79523,-4.62930
-9.14849,1.31650,-4.13142
-7.38677,1.49842,-3.97823
-9.07190,1.16331,-4.49526
-9.32083,1.30693,-3.74844
-7.96125,0.54096,-2.19736
-7.31018,-0.02394,-1.79523
-8.50700,0.90480,-3.28886
-9.71339,1.55587,-4.20802
-9.34956,1.07714,-2.75269
-7.06124,-0.07181,-0.01436
-6.72613,-0.19628,-0.86650
-8.57402,-0.33032,-1.89098
-9.33041,0.09096,-2.79098
-8.58359,0.06223,-1.91970
-7.20486,-0.35905,-0.14841
-7.61656,-0.28245,-0.18670
-8.88040,-0.04309,-0.89522
-9.11977,0.16755,-1.23033
-8.90913,0.45479,-0.86650
-8.77508,0.40692,-0.65586
-9.27296,-0.14841,-0.57926
-9.75169,0.02394,-0.75160
-9.96233,0.52181,-1.17288
-9.75169,0.18670,-0.56011
-7.64529,-0.55054,0.82820
-7.59741,-0.39734,0.46437
-7.91337,-0.49309,1.09629
-8.06657,-0.78990,0.45479
-8.75594,-0.54096,0.51224
-8.62189,-0.19628,1.23033
-7.93252,-0.66543,1.89098
-8.06657,-0.94309,1.84310
-8.63147,-0.67501,1.75693
-8.64104,-0.97182,1.78566
-8.45913,-1.69948,1.69948
-8.44955,-1.77608,1.60374
-8.22934,-1.14416,0.87607
-8.46870,-0.82820,1.18246
-7.76018,-2.09204,2.28353
-8.08572,-2.06332,2.19736
-8.01869,-2.61864,2.71439
-8.16231,-3.77716,2.62822
-8.33465,-1.51757,1.11544
-9.04317,-2.61864,4.29419
-8.83253,-2.01545,3.73887
-8.83253,-1.45055,1.91012
-8.22934,-2.46545,1.15373
-8.62189,-2.40800,1.62289
-8.40168,-1.48884,2.42715
-8.84211,-0.50266,2.50375
-8.68891,-0.69416,2.81013
-8.38253,-1.60374,2.89630
-8.64104,-1.51757,2.50375
-8.68891,-1.13459,2.69524
-8.60274,-1.37395,2.74311
-8.40168,-2.02502,2.42715
-8.44955,-2.53247,2.63779
-8.78466,-2.13991,2.62822
-8.51657,-2.42715,2.37928
-8.05699,-2.36013,2.84843
-8.43040,-2.58992,3.26014
-9.01445,-2.37928,2.76226
-8.88040,-2.01545,2.82928
-8.64104,-2.13034,3.11652
-8.66976,-1.92927,3.27929
-8.40168,-2.48460,3.26971
-8.78466,-2.08247,2.97290
-8.53572,-2.08247,3.01120
-8.56444,-2.36970,2.78141
-8.48785,-2.37928,2.93460
-8.36338,-2.21651,3.08780
-8.55487,-1.83353,2.73354
-8.55487,-1.90055,2.61864
-8.48785,-1.91012,2.75269
-8.60274,-2.02502,2.91545
-8.54529,-1.76651,2.87716
-8.34423,-1.90055,2.82928
-8.37295,-1.85268,2.77184
-8.45913,-1.92927,2.90588
-8.43998,-2.05374,2.95375
-8.56444,-1.87183,2.81013
-8.66019,-1.97715,2.68566
-8.61232,-2.04417,2.55162
-8.27721,-2.16864,2.83886
-8.35380,-2.03459,2.92503
-8.50700,-2.16864,2.78141
-8.66976,-2.20694,2.60907
-8.51657,-2.13991,2.65694
-8.37295,-2.11119,2.68566
-8.27721,-1.84310,2.62822
-8.56444,-1.66119,2.67609
-8.50700,-1.86225,2.67609
-8.54529,-1.64204,2.89630
-8.51657,-1.68034,2.78141
-8.50700,-1.69948,2.48460
-8.51657,-1.71863,2.68566
-8.54529,-2.06332,2.73354
-8.45913,-1.91970,2.95375
-8.43998,-1.65161,2.75269
-8.69849,-1.82395,2.46545
-8.50700,-2.11119,2.61864
-8.55487,-1.96757,2.65694
-8.43040,-1.97715,2.70481
-8.40168,-1.69948,2.67609
-8.50700,-1.60374,2.77184
-8.56444,-1.92927,2.53247
-8.57402,-1.81438,2.63779
-8.56444,-1.62289,2.88673
-8.48785,-1.72821,2.79098
-8.47827,-1.78566,2.75269
-8.36338,-1.62289,2.92503
-8.73679,-1.61331,2.76226
-8.70806,-1.68991,2.70481
-8.53572,-1.76651,2.74311
-8.38253,-1.65161,2.88673
-8.45913,-1.64204,2.79098
-8.41125,-1.82395,2.88673
-8.37295,-1.78566,2.94418
-8.56444,-1.59416,2.67609
-8.66019,-1.52714,2.67609
-8.60274,-1.68034,2.86758
-8.46870,-1.60374,3.10694
