2.12077,9.51233,-1.82395
2.19736,9.49318,-1.86225
2.20694,9.50275,-1.85268
2.16864,9.56977,-1.81438
2.15906,9.67509,-1.78566
2.20694,9.68467,-1.74736
2.21651,9.54105,-1.73778
2.12077,9.57935,-1.81438
2.04417,9.51233,-1.80480
2.07289,9.53148,-1.70906
2.16864,9.67509,-1.80480
2.22609,9.49318,-1.77608
2.12077,9.45488,-1.77608
1.96757,9.49318,-1.77608
1.92927,9.61765,-1.71863
2.02502,9.64637,-1.68991
2.13034,9.71339,-1.81438
2.17821,9.57935,-2.00587
2.09204,9.56977,-2.20694
1.99630,9.49318,-2.22609
1.90055,9.41658,-1.95800
1.91970,9.57935,-1.75693
1.97715,9.62722,-1.61331
2.08247,9.61765,-1.68991
2.07289,9.51233,-1.87183
2.01545,9.37828,-1.94842
1.89098,9.52190,-1.99630
1.87183,9.78999,-1.89098
2.01545,9.87616,-1.92927
1.97715,9.61765,-2.17821
1.75693,9.54105,-2.35055
1.74736,9.58892,-2.33141
1.87183,9.65594,-2.00587
1.99630,9.71339,-1.78566
1.86225,9.88573,-1.72821
1.66119,10.21127,-1.48884
1.76651,10.16340,-1.30693
2.21651,10.18254,-1.40267
2.24523,10.92936,-1.90055
1.62289,11.37936,-2.23566
1.02927,11.36022,-2.36013
1.01012,10.71872,-2.45587
1.23991,10.44106,-2.29311
1.63246,10.35489,-1.70906
1.82395,10.04850,-2.36970
1.20161,9.92403,-3.50908
0.64628,10.36446,-3.31759
0.63671,11.74320,-2.10162
1.23991,11.66660,-0.11011
1.47927,10.93894,0.35905
0.97182,10.19212,-0.71330
0.05266,9.72297,-1.81438
-0.68458,9.54105,-1.98672
-0.51224,9.82829,-1.11544
0.54096,9.78999,-1.42182
0.33990,10.00063,-3.44205
-1.00054,10.69957,-3.25056
-1.13459,11.60915,-1.66119
0.13883,11.81022,-0.68458
0.80905,10.69957,-0.61756
0.08138,9.07190,-1.71863
-1.21118,8.35380,-2.96333
-1.59416,8.41125,-2.91545
-1.32608,8.45913,-2.31226
-1.74736,9.77084,-2.09204
-2.14949,11.73362,-1.25905
-1.51757,11.39851,-0.33990
-1.25905,10.11552,-0.37820
-1.80480,8.97615,-0.67501
-2.57077,9.37828,-1.33565
-2.69524,9.94318,-1.54629
-2.39843,10.38361,-1.85268
-2.34098,9.52190,-2.50375
-2.62822,8.00912,-2.82928
-2.50375,7.37720,-2.62822
-2.18779,7.39635,-2.42715
-2.90588,8.23891,-3.12609
-3.52823,8.03784,-3.96866
-3.32716,7.24315,-4.15057
-3.23141,6.87932,-4.07398
-4.01653,7.95167,-4.38036
-4.33249,9.10062,-3.89206
-4.06440,8.44955,-3.67184
-4.39951,7.59741,-3.93993
-4.30377,7.44422,-4.04525
-3.77716,7.85593,-4.17930
-4.09312,7.90380,-4.73462
-5.12718,6.99422,-4.83037
-5.88357,6.78358,-5.05058
-5.44314,7.00379,-4.83037
-5.14633,7.58784,-5.02186
-5.12718,6.38144,-5.18462
-4.97398,5.17505,-4.84952
-5.80697,6.05591,-4.98356
-6.45804,7.03251,-5.71123
-5.65378,5.71123,-6.02719
-4.62930,4.12185,-5.22292
-5.61548,4.33249,-4.02610
-6.87932,5.18462,-3.49950
-6.71655,5.77825,-4.51441
-5.58676,4.81122,-5.57718
-4.96441,3.10694,-5.02186
-6.49634,4.12185,-4.15057
-8.19104,6.21868,-4.53355
-6.56336,5.23250,-5.06016
-5.27080,3.22184,-4.77292
-6.43889,3.19312,-4.19845
-8.11444,4.66760,-3.54737
-8.08572,4.45696,-2.94418
-5.09845,3.43248,-3.57610
-8.17189,4.37079,-3.81546
-8.22934,5.15590,-2.81971
-7.87508,5.32824,-2.54205
-6.38144,3.75801,-3.36546
-6.80273,3.78674,-3.99738
-8.04742,3.34631,-3.10694
-8.12401,1.87183,-2.04417
-7.51124,1.90055,-2.07289
-8.70806,3.14524,-3.28886
-8.79423,2.88673,-3.19312
-8.62189,2.71439,-2.21651
-7.46337,2.32183,-1.80480
-6.99422,3.23141,-2.73354
-8.98573,3.54737,-3.10694
-8.26763,1.56544,-1.12501
-7.36762,1.50799,-0.51224
-7.42507,3.63355,-2.64737
-9.04317,4.93569,-3.79631
-8.31551,3.93993,-1.66119
-7.61656,2.52290,-0.05266
-6.84102,3.35588,-1.39310
-8.53572,4.78249,-3.94951
-8.29636,3.01120,-2.21651
-8.52615,1.91012,0.11968
-7.98040,1.84310,-0.70373
-9.17722,3.81546,-3.50908
-8.78466,3.76759,-3.28886
-8.27721,2.71439,-2.12077
-7.94210,1.42182,-0.87607
-8.25806,2.70481,-2.13991
-9.26339,3.82504,-3.32716
-8.73679,3.09737,-1.91970
-8.73679,2.20694,-0.95267
-8.66976,2.91545,-2.01545
-8.47827,3.59525,-2.88673
-7.82720,3.63355,-2.50375
-8.33465,2.35055,-2.15906
-8.46870,1.98672,-3.07822
-8.73679,3.72929,-3.64312
-8.18146,3.44205,-2.70481
-8.10487,1.71863,-1.38352
-8.17189,1.92927,-1.46012
-7.63571,3.48035,-1.95800
-7.88465,4.39951,-1.99630
-7.80805,3.44205,-1.47927
-7.93252,2.58992,-1.09629
-8.50700,3.37503,-2.27396
-8.72721,3.87291,-2.27396
-8.39210,3.71014,-1.75693
-8.40168,3.25056,-1.54629
-8.11444,3.01120,-1.46969
-8.19104,3.56652,-2.13034
-8.56444,4.13142,-2.22609
-8.72721,3.79631,-1.78566
-8.78466,3.04950,-1.23033
-8.70806,3.42291,-1.65161
-8.72721,3.93036,-1.94842
-8.14316,3.54737,-1.89098
-8.42083,3.19312,-1.91012
-8.66019,2.77184,-1.92927
-8.73679,3.43248,-2.19736
-8.50700,3.89206,-1.86225
-8.42083,3.63355,-1.52714
-8.51657,3.26014,-1.58459
-8.57402,3.71972,-1.98672
-8.30593,3.54737,-1.85268
-7.78890,3.22184,-1.85268
-8.01869,3.22184,-1.87183
-8.45913,3.29844,-2.19736
-8.40168,3.54737,-1.95800
-8.51657,3.73887,-1.95800
-8.61232,3.40376,-1.93885
-8.47827,3.21226,-2.06332
-8.39210,3.50908,-2.02502
-8.10487,3.70057,-1.80480
-8.25806,3.61440,-1.82395
-8.73679,3.34631,-1.92927
-8.76551,3.31759,-1.95800
-8.36338,3.57610,-1.70906
-8.16231,3.53780,-1.69948
-8.35380,3.37503,-1.93885
-8.48785,3.38461,-2.35055
-8.47827,3.52823,-2.08247
-8.05699,3.38461,-1.85268
-8.34423,3.40376,-2.02502
-8.52615,3.38461,-2.35055
-8.55487,3.39418,-2.04417
-8.56444,3.50908,-1.82395
-8.47827,3.71014,-1.96757
-8.36338,3.72929,-2.24523
-8.36338,3.23141,-2.08247
-8.37295,3.08780,-1.68991
-8.57402,3.63355,-1.84310
-8.67934,3.83461,-2.34098
-8.66976,3.55695,-2.56120
-8.38253,3.01120,-2.20694
-8.11444,3.04950,-1.75693
-8.25806,3.44205,-2.22609
-8.64104,3.48035,-3.03035
-8.40168,3.14524,-2.67609
-8.20061,2.95375,-1.86225
-8.16231,2.84843,-1.58459
-8.66976,3.48993,-2.30268
-8.68891,3.66227,-2.72396
-8.43998,3.61440,-2.58992
-8.08572,3.03992,-1.83353
-8.53572,2.83886,-1.59416
-8.77508,3.31759,-2.33141
-8.69849,3.88248,-2.64737
-8.37295,3.66227,-2.39843
