1.29735,8.30593,4.48568
1.34523,8.31551,4.53355
1.36437,8.33465,4.54313
1.32608,8.34423,4.50483
1.31650,8.38253,4.52398
1.30693,8.40168,4.58143
1.32608,8.36338,4.54313
1.33565,8.31551,4.52398
1.34523,8.33465,4.53355
1.33565,8.28678,4.51441
1.30693,8.33465,4.46653
1.29735,8.35380,4.48568
1.35480,8.26763,4.51441
1.35480,8.25806,4.49526
1.32608,8.27721,4.53355
1.30693,8.26763,4.71547
1.33565,8.21019,4.63887
1.33565,8.19104,4.56228
1.24948,8.42083,4.35164
1.20161,8.85168,4.19845
1.18246,8.95700,4.22717
1.22076,8.62189,4.28462
1.24948,8.34423,4.17930
1.23991,8.35380,3.98780
1.13459,8.40168,4.15057
1.07714,8.42083,4.22717
1.16331,8.46870,3.98780
1.29735,8.68891,3.91121
1.45055,9.36871,3.90163
1.51757,9.52190,3.75801
1.50799,8.97615,4.05483
1.55587,8.43998,4.35164
1.44097,8.32508,3.94951
1.19203,8.58359,3.64312
1.12501,9.09104,3.44205
1.25905,9.42615,3.45163
1.46012,9.38786,3.73887
1.46012,9.20594,3.75801
1.14416,8.94743,3.73887
0.76118,8.78466,3.61440
0.64628,8.94743,3.47078
0.88565,8.97615,3.60482
1.18246,9.11977,3.70057
1.23033,9.31126,3.26014
0.84735,9.40700,2.81971
0.53139,9.13892,2.35055
0.40692,8.43040,2.30268
0.52181,8.57402,2.28353
0.76118,9.55062,2.23566
0.89522,10.77617,2.45587
0.78033,11.24532,2.75269
0.68458,11.09213,2.98248
0.74203,10.59425,2.66651
0.66543,10.01978,2.03459
0.28245,9.93361,1.72821
-0.01436,10.09637,1.91970
-0.02394,10.58468,1.95800
0.14841,10.42191,1.68034
0.14841,10.29744,1.31650
-0.11011,10.49851,1.43140
-0.27287,10.09637,1.83353
-0.50266,9.58892,1.60374
-0.94309,9.35913,1.01012
-1.43140,9.33998,1.02927
-1.44097,8.77508,1.46012
-1.18246,8.58359,1.44097
-1.22076,9.12934,1.19203
-1.34523,9.21551,0.87607
-1.51757,9.19637,0.89522
-1.83353,8.79423,1.03884
-2.20694,9.31126,1.17288
-2.17821,9.52190,1.22076
-1.79523,9.13892,0.91437
-1.71863,8.80381,0.25373
-2.08247,8.90913,-0.06223
-2.28353,8.81338,0.84735
-1.91970,8.36338,2.08247
-1.40267,8.55487,2.32183
-1.53672,9.14849,2.18779
-2.22609,9.31126,1.64204
-2.58992,8.49742,1.88140
-2.53247,7.53039,2.62822
-2.65694,7.64529,2.00587
-3.02077,8.63147,1.01012
-3.29844,9.35913,0.85692
-3.29844,9.67509,1.62289
-3.02077,9.21551,2.23566
-3.19312,8.87083,1.04841
-3.64312,9.31126,-0.95267
-3.71972,9.47403,-0.64628
-3.00162,8.86126,0.66543
-2.75269,8.70806,1.44097
-3.28886,9.59850,0.09096
-3.27929,9.64637,-1.69948
-2.94418,8.64104,-1.47927
-2.82928,8.38253,-1.09629
-3.15482,8.52615,-0.64628
-3.27929,8.68891,-0.39734
-3.05907,9.37828,-1.00054
-2.89630,9.39743,-1.57502
-3.33673,9.20594,-1.63246
-4.05483,9.12934,-1.82395
-4.41866,8.88998,-1.84310
-3.92078,8.82296,-1.94842
-3.74844,9.02402,-1.70906
-4.17930,9.56977,-1.37395
-4.17930,9.24424,-1.54629
-3.88248,8.33465,-1.55587
-3.62397,7.98997,-1.82395
-4.28462,8.47827,-2.13034
-5.25165,9.40700,-2.42715
-4.79207,9.32083,-2.23566
-3.71972,8.20061,-2.15906
-4.02610,7.72188,-2.39843
-5.01228,8.12401,-2.76226
-5.16548,8.16231,-2.45587
-4.12185,8.10487,-1.75693
-3.44205,7.66444,-1.72821
-4.17930,7.62614,-2.28353
-5.08888,7.51124,-3.03035
-5.27080,7.08996,-3.07822
-5.11760,6.87932,-3.03035
-5.51973,7.34847,-3.43248
-5.74952,7.48252,-3.48035
-5.24207,6.85060,-3.18354
-5.05058,6.34315,-3.01120
-5.34739,6.23783,-2.85801
-5.88357,6.61123,-2.86758
-5.43356,6.58251,-2.55162
-5.51973,6.33357,-2.56120
-6.63996,5.89314,-2.68566
-7.04209,5.91229,-2.78141
-6.96549,7.10911,-3.09737
-5.74952,7.41550,-2.00587
-5.53888,6.70698,-1.60374
-6.25697,6.93677,-2.14949
-7.41550,8.16231,-2.50375
-6.71655,7.36762,-1.54629
-5.24207,6.07506,-0.95267
-6.13251,5.80697,-1.69948
-7.23358,6.15165,-2.26438
-6.91762,5.48144,-1.76651
-6.34315,4.65802,-1.10586
-7.01337,4.96441,-1.74736
-7.51124,5.39526,-2.13034
-7.05166,5.52931,-2.12077
-6.78358,5.06973,-1.85268
-7.15698,4.39951,-1.80480
-7.58784,4.57185,-2.33141
-7.53997,5.28037,-2.24523
-7.34847,4.96441,-1.86225
-7.84635,4.57185,-2.00587
-7.27188,4.29419,-1.85268
-6.68783,4.79207,-1.76651
-7.13783,5.19420,-2.17821
-7.84635,4.74419,-2.49417
-7.41550,4.84952,-2.43673
-6.76443,4.37079,-1.10586
-6.97507,3.93036,-0.61756
-7.25273,5.21335,-0.66543
-7.53997,6.01761,-0.25373
-7.94210,5.70165,-0.14841
-7.85593,5.41441,-0.09096
-7.50167,4.98356,-0.29202
-7.47294,5.37612,-1.56544
-9.06232,5.54846,-2.04417
-8.16231,4.89739,-1.04841
-7.81763,4.79207,-0.49309
-7.37720,5.08888,-0.51224
-7.61656,5.46229,-1.29735
-8.03784,4.89739,-1.60374
-8.09529,4.85909,-1.34523
-7.65486,4.83994,-0.82820
-7.88465,5.05058,-0.99097
-7.76976,5.36654,-0.90480
-7.46337,5.30909,-0.89522
-7.57826,4.57185,-0.93352
-7.12826,4.63887,-0.65586
-7.41550,5.18462,-0.66543
-7.92295,5.41441,-1.00054
-7.91337,5.25165,-0.95267
-7.34847,4.85909,-0.72288
-6.89847,4.16015,-0.13883
-7.45380,4.74419,-0.65586
-8.31551,5.26122,-1.16331
-8.37295,5.14633,-1.11544
-8.20061,5.05058,-0.63671
-7.63571,4.93569,-0.01436
-7.49209,5.41441,0.08138
-7.51124,5.96016,-0.43564
-7.63571,5.84527,-0.95267
-7.99955,5.07930,-0.74203
-7.50167,5.23250,-0.33990
-7.46337,5.61548,-0.33032
-7.95167,5.55803,-0.95267
-7.93252,5.22292,-1.10586
-7.63571,4.78249,-0.56011
-7.24315,4.75377,-0.39734
-7.24315,5.44314,-0.85692
-7.72188,5.21335,-1.02927
-7.56869,4.47611,-0.60798
-7.81763,5.17505,-0.90480
-8.07614,5.18462,-0.66543
-7.57826,4.73462,-0.56011
-7.45380,4.81122,-0.74203
-7.60699,5.11760,-0.88565
-7.93252,5.19420,-0.81862
-7.80805,5.07930,-0.40692
-7.55912,5.14633,-0.38777
-7.73146,5.42399,-0.51224
-7.81763,5.46229,-0.71330
-7.88465,5.27080,-0.64628
-7.68358,5.50059,-0.71330
-7.45380,5.43356,-0.52181
-7.59741,5.27080,-0.61756
-7.84635,5.51973,-0.70373
-7.77933,5.37612,-0.57926
-7.57826,4.95484,-0.34947
-7.71231,5.05058,-0.57926
-7.80805,5.34739,-0.72288
-7.76018,5.13675,-0.64628
-7.62614,4.83994,-0.60798
-7.49209,4.94526,-0.52181
-7.57826,5.03143,-0.49309
-7.76018,5.14633,-0.84735
-7.94210,4.99313,-0.85692
-7.71231,4.66760,-0.69416
-7.60699,4.88781,-0.68458
-7.67401,5.08888,-0.72288
-7.90380,5.09845,-0.69416
-7.77933,5.21335,-0.69416
-7.64529,5.24207,-0.61756
-7.67401,5.48144,-0.69416
-7.53039,5.57718,-0.66543
-7.74103,5.25165,-0.63671
-7.85593,5.01228,-0.63671
-7.61656,5.35697,-0.49309
-7.53039,5.39526,-0.47394
-7.72188,5.29952,-0.64628
-7.79848,5.36654,-0.79948
-7.67401,5.12718,-0.63671
-7.72188,4.80164,-0.62713
-7.81763,5.34739,-0.62713
-7.70273,5.34739,-0.63671
-7.48252,4.92611,-0.75160
-7.53997,4.78249,-0.75160
-7.70273,5.02186,-0.69416
-7.90380,5.36654,-0.78990
-7.76018,5.33782,-0.66543
-7.60699,5.16548,-0.44522
