0.01436,8.54529,4.64845
0.03351,8.51657,4.53355
0.05266,8.43998,4.52398
0.03351,8.41125,4.66760
-0.00479,8.53572,4.84952
-0.01436,8.72721,4.76334
-0.01436,8.59317,4.60058
-0.00479,8.27721,4.43781
-0.02394,8.13359,4.41866
0.02394,8.26763,4.57185
0.09096,8.47827,4.82079
0.07181,8.69849,5.02186
0.02394,8.71764,5.00271
-0.21543,8.50700,5.02186
-0.33990,8.51657,5.13675
-0.19628,8.68891,5.36654
0.10053,8.61232,5.75910
0.03351,9.04317,5.57718
-0.60798,9.49318,5.43356
-1.01969,9.47403,5.36654
-0.80905,9.63679,5.43356
-0.30160,10.05808,5.66335
-0.04309,9.26339,5.27080
-0.39734,8.15274,4.78249
-1.16331,8.02827,4.53355
-1.63246,8.86126,4.48568
-1.23033,9.46445,4.11227
-0.64628,9.20594,3.26014
-0.76118,9.26339,2.62822
-1.19203,9.33998,2.12077
-1.68034,9.56020,1.91012
-1.89098,9.74212,2.58034
-1.60374,9.65594,3.21226
-1.33565,9.33998,2.94418
-1.54629,9.11977,2.50375
-1.99630,9.24424,2.33141
-2.21651,9.33998,2.35055
-2.35055,9.10062,2.38885
-2.70481,8.88040,2.60907
-3.03992,8.64104,2.64737
-3.21226,8.25806,2.18779
-3.41333,8.10487,1.68034
-3.67184,8.78466,1.62289
-3.48993,9.36871,2.30268
-2.98248,9.07190,2.34098
-3.29844,9.08147,1.89098
-3.71972,8.69849,1.54629
-4.30377,8.75594,1.00054
-4.23674,8.87083,0.60798
-3.60482,8.08572,0.77075
-3.29844,8.03784,0.65586
-3.35588,8.56444,0.33990
-3.40376,8.79423,-0.33032
-3.85376,9.48360,-2.11119
-4.33249,10.21127,-2.35055
-3.83461,9.20594,-0.88565
-3.65269,9.24424,-0.45479
-4.04525,8.86126,-0.87607
-4.41866,8.40168,-1.16331
-4.82079,7.65486,-1.27820
-5.82612,8.18146,-2.44630
-7.02294,9.45488,-4.26547
-6.63038,8.95700,-3.47078
-4.63887,7.37720,-2.04417
-3.99738,6.85060,-1.79523
-4.51441,7.51124,-2.16864
-4.93569,8.03784,-1.85268
-4.72505,7.37720,-1.02927
-3.65269,7.07081,-0.69416
-3.68142,6.93677,-0.90480
-4.60058,6.59208,-1.20161
-5.70165,6.55379,-1.88140
-6.32400,5.64420,-1.60374
-5.54846,4.67717,-0.99097
-5.67293,5.05058,-1.63246
-6.31442,5.10803,-1.42182
-6.18995,4.53355,-1.69948
-6.68783,4.80164,-2.51332
-7.06124,4.55270,-2.35055
-6.61123,3.88248,-2.09204
-6.64953,4.02610,-2.14949
-7.00379,4.62930,-2.10162
-6.87932,4.56228,-1.96757
-6.90805,4.41866,-1.80480
-7.17613,4.38994,-1.63246
-7.48252,4.92611,-1.86225
-7.69316,5.16548,-1.48884
-7.14741,5.19420,-1.23033
-7.26230,5.09845,-0.97182
-7.31975,5.05058,-1.11544
-8.05699,5.51973,-1.83353
-7.91337,5.15590,-1.47927
-7.59741,4.71547,-0.94309
-7.76018,4.73462,-0.61756
-7.76018,4.96441,-0.90480
-7.90380,4.89739,-1.02927
-7.72188,4.34206,-1.06756
-7.68358,4.72505,-1.03884
-7.91337,4.74419,-0.87607
-8.01869,4.62930,-1.22076
-7.98997,4.96441,-1.28778
-7.75061,4.65802,-0.98139
-7.84635,4.84952,-1.25905
-7.66444,5.05058,-1.37395
-7.63571,5.01228,-1.40267
-7.76976,4.70590,-1.20161
-7.83678,4.84952,-1.01012
-7.87508,4.90696,-1.04841
-7.99955,4.94526,-1.23033
-7.82720,4.51441,-0.97182
-7.78890,4.58143,-0.98139
-7.98997,5.17505,-1.05799
-7.96125,5.11760,-1.11544
-7.98040,4.76334,-1.17288
-8.12401,5.04101,-1.12501
-7.81763,4.76334,-0.78990
-7.86550,4.55270,-1.01969
-8.00912,4.58143,-1.18246
-8.11444,4.63887,-0.95267
-8.05699,4.57185,-0.70373
-7.82720,4.62930,-0.65586
-7.83678,4.66760,-0.97182
-8.07614,4.63887,-1.24948
-8.05699,4.33249,-1.01012
-8.12401,4.25589,-0.68458
-8.10487,4.93569,-0.92395
-8.03784,5.08888,-0.99097
-8.00912,4.62930,-1.06756
-7.94210,4.52398,-0.94309
-7.78890,4.66760,-0.84735
-7.95167,4.83037,-1.14416
-8.21019,4.62930,-1.08671
-8.08572,4.38994,-0.95267
-8.00912,4.38036,-0.97182
-7.96125,4.56228,-1.14416
-7.93252,4.61972,-1.34523
-7.98040,4.39951,-1.13459
-7.98997,4.49526,-0.98139
-7.99955,4.42823,-0.86650
-7.96125,4.59100,-1.03884
-7.97082,4.67717,-1.21118
-7.94210,4.61972,-1.22076
-7.98997,4.71547,-1.25905
-7.96125,4.68675,-1.17288
-8.04742,4.83994,-1.18246
-7.98997,4.72505,-1.28778
-8.05699,4.73462,-1.37395
-8.00912,4.80164,-1.12501
-7.77933,4.82079,-0.85692
-7.82720,5.04101,-0.89522
-7.91337,5.00271,-1.07714
-7.82720,4.74419,-1.16331
-8.00912,4.70590,-1.19203
-7.88465,4.69632,-1.09629
-7.90380,4.73462,-1.09629
-7.98040,4.81122,-1.27820
-8.01869,4.67717,-1.21118
-7.87508,4.68675,-1.16331
-7.70273,4.93569,-1.23033
-7.73146,5.11760,-1.30693
-7.76018,4.78249,-1.27820
-7.79848,4.90696,-1.33565
-7.82720,4.92611,-1.30693
-7.97082,4.85909,-1.45055
-7.93252,4.68675,-1.39310
-7.71231,4.72505,-1.19203
-7.77933,4.74419,-1.33565
-7.94210,4.62930,-1.36437
-7.83678,4.66760,-1.36437
-8.01869,4.73462,-1.28778
-7.95167,4.53355,-1.00054
-7.85593,4.74419,-1.06756
-7.81763,5.03143,-1.15373
-7.85593,4.94526,-1.22076
-7.84635,4.69632,-1.00054
-7.81763,4.86866,-0.96224
-7.83678,5.00271,-1.01969
-7.98040,5.06973,-1.12501
-7.92295,4.85909,-1.03884
-7.76976,4.88781,-1.19203
-7.88465,4.88781,-1.35480
-7.90380,4.62930,-1.35480
-7.93252,4.71547,-1.24948
-7.93252,4.78249,-1.23033
-7.83678,4.80164,-1.27820
-7.91337,4.79207,-1.34523
-7.87508,4.65802,-1.23033
-7.91337,4.83037,-1.27820
-7.76018,4.89739,-1.21118
-7.81763,4.82079,-1.23033
-7.88465,4.77292,-1.31650
-7.81763,4.88781,-1.16331
-7.82720,4.80164,-1.12501
-7.87508,4.76334,-1.20161
-7.87508,4.97398,-1.33565
