# Choregraphe simplified export in Python.
from naoqi import ALProxy
names = list()
times = list()
keys = list()

names.append("HeadPitch")
times.append([0.72, 1.2, 3.16, 4.72, 5.2, 5.56, 7.12, 7.68, 8.08, 10.96, 11.68, 12.2, 14.44])
keys.append([-0.113446, 0.224996, 0.200713, 0.240855, 0.125664, -0.20886, -0.235619, -0.106465, 0.148448, 0.18675, 0.0767945, 0.264581, 0.289725])

names.append("HeadYaw")
times.append([1.2, 4.72, 5.56, 7.12, 8.08, 10.96, 12.2, 14.44])
keys.append([0.154895, 0.157081, -0.305068, -0.312414, 0.269472, 0.286234, -0.124212, -0.1309])

names.append("HipRoll")
times.append([1.08, 4.6, 5.44, 7, 7.96, 10.84, 12.08, 14.32])
keys.append([-0.0558505, -0.0575959, -0.000865071, 0, -0.0542387, -0.0558505, -0.00089844, 0])

names.append("KneePitch")
times.append([1.08, 4.6, 5.44, 7, 7.96, 10.84, 12.08, 14.32])
keys.append([-0.0499039, -0.0499079, -0.0499075, -0.0499079, -0.0499056, -0.0499079, -0.0499155, -0.0499084])

names.append("LAnklePitch")
times.append([1.08, 4.6, 5.44, 7, 7.96, 10.84, 12.08, 14.32])
keys.append([0.121144, 0.122678, 0.12728, 0.12728, 0.093532, 0.093532, 0.0628521, 0.0628521])

names.append("LAnkleRoll")
times.append([1.08, 4.6, 5.44, 7, 7.96, 10.84, 12.08, 14.32])
keys.append([-0.00302602, -0.00302602, 0.062936, 0.06447, 0.0521979, 0.0537319, 0.00310993, 0.00310993])

names.append("LElbowRoll")
times.append([0.64, 1.12, 4.64, 5.12, 5.48, 7.04, 7.6, 8, 10.88, 11.6, 12.12, 14.36])
keys.append([-0.799361, -1.48487, -1.51669, -1.53414, -1.37739, -1.36485, -1.07861, -1.4818, -1.54462, -1.39277, -1.49101, -1.51717])

names.append("LElbowYaw")
times.append([0.64, 1.12, 4.64, 5.48, 7.04, 7.6, 8, 10.88, 11.6, 12.12, 14.36])
keys.append([-1.40324, -0.955723, -0.909316, -1.54856, -1.55509, -0.720821, -0.474047, -0.474047, -0.303687, -0.713353, -0.736278])

names.append("LHand")
times.append([0.64, 1.12, 1.68, 2.08, 2.68, 3.08, 3.76, 4.16, 4.64, 5.12, 5.48, 7.04, 7.6, 8, 10.88, 11.6, 12.12, 14.36])
keys.append([0.96, 0.7036, 0.44, 0.73, 0.44, 0.73, 0.44, 0.73, 0.65, 0.52, 0.844074, 0.87, 0.61, 0.3188, 0.2956, 0.69, 0.5032, 0.4932])

names.append("LHipPitch")
times.append([1.08, 4.6, 5.44, 7, 7.96, 10.84, 12.08, 14.32])
keys.append([0.12583, 0.12583, 0.122762, 0.122762, 0.179519, 0.179519, 0.266959, 0.266959])

names.append("LHipRoll")
times.append([1.08, 4.6, 5.44, 7, 7.96, 10.84, 12.08, 14.32])
keys.append([-0.00609397, -0.00609397, -0.0674542, -0.0674542, -0.0475121, -0.0475121, 0.0107799, 0.0107799])

names.append("LHipYawPitch")
times.append([1.08, 4.6, 5.44, 7, 7.96, 10.84, 12.08, 14.32])
keys.append([-0.239262, -0.239262, -0.239262, -0.237728, -0.237728, -0.237728, -0.236194, -0.236194])

names.append("LKneePitch")
times.append([1.08, 4.6, 5.44, 7, 7.96, 10.84, 12.08, 14.32])
keys.append([-0.090548, -0.0890141, -0.0923279, -0.0923279, -0.0890141, -0.0890141, -0.0890141, -0.0890141])

names.append("LShoulderPitch")
times.append([1.12, 4.64, 5.12, 5.48, 7.04, 8, 10.88, 12.12, 14.36])
keys.append([-0.512397, -0.581195, 0.0994838, 0.44047, 0.467748, 0.418739, 0.361981, 1.82235, 1.83624])

names.append("LShoulderRoll")
times.append([1.12, 4.64, 5.48, 7.04, 8, 10.88, 11.6, 12.12, 14.36])
keys.append([0.328234, 0.342085, 0.233874, 0.233876, -0.217869, -0.243948, 0.804597, 0.530721, 0.536942])

names.append("LWristYaw")
times.append([0.64, 1.12, 4.64, 5.48, 7.04, 8, 10.88, 12.12, 14.36])
keys.append([-0.895354, -0.833004, -0.862194, 0.0192082, 0.0331606, -0.60904, -0.65506, -0.182588, -0.171766])

names.append("RAnklePitch")
times.append([1.08, 4.6, 5.44, 7, 7.96, 10.84, 12.08, 14.32])
keys.append([0.115092, 0.116626, 0.1335, 0.1335, 0.099752, 0.099752, 0.0537319, 0.0552659])

names.append("RAnkleRoll")
times.append([1.08, 4.6, 5.44, 7, 7.96, 10.84, 12.08, 14.32])
keys.append([-0.0183661, -0.0183661, 0.0353239, 0.0353239, 0.030722, 0.030722, -0.00302602, -0.00302602])

names.append("RElbowRoll")
times.append([0.56, 1.04, 4.56, 5.04, 5.4, 6.96, 7.52, 7.92, 10.8, 12.04, 14.28])
keys.append([0.574213, 0.382009, 0.361283, 0.375246, 0.25889, 0.249582, 1.50273, 1.49109, 1.51717, 1.48495, 1.51717])

names.append("RElbowYaw")
times.append([0.56, 1.04, 4.56, 5.4, 6.96, 7.92, 10.8, 12.04, 14.28])
keys.append([1.47829, 1.23483, 1.2217, 1.2217, 1.2217, 0.768491, 0.736278, 0.716335, 0.736278])

names.append("RHand")
times.append([0.56, 1.04, 4.56, 5.04, 5.4, 6.96, 7.52, 7.92, 10.8, 12.04, 14.28])
keys.append([0.54, 0.3504, 0.33, 0.31, 0.412984, 0.43, 0.69, 0.52, 0.4932, 0.508, 0.4932])

names.append("RHipPitch")
times.append([1.08, 4.6, 5.44, 7, 7.96, 10.84, 12.08, 14.32])
keys.append([0.13495, 0.136484, 0.11961, 0.11961, 0.177901, 0.179436, 0.277612, 0.276078])

names.append("RHipRoll")
times.append([1.08, 4.6, 5.44, 7, 7.96, 10.84, 12.08, 14.32])
keys.append([0.0245859, 0.0245859, -0.0275701, -0.0275701, -0.0275701, -0.0275701, -0.00302602, -0.00302602])

names.append("RHipYawPitch")
times.append([1.08, 4.6, 5.44, 7, 7.96, 10.84, 12.08, 14.32])
keys.append([-0.239262, -0.239262, -0.239262, -0.237728, -0.237728, -0.237728, -0.236194, -0.236194])

names.append("RKneePitch")
times.append([1.08, 4.6, 5.44, 7, 7.96, 10.84, 12.08, 14.32])
keys.append([-0.0923279, -0.0923279, -0.0923279, -0.0923279, -0.0923279, -0.0923279, -0.0923279, -0.0923279])

names.append("RShoulderPitch")
times.append([1.04, 4.56, 5.4, 6.96, 7.92, 10.8, 12.04, 14.28])
keys.append([1.54785, 1.57, 1.43506, 1.43292, 1.8071, 1.83624, 1.81476, 1.83624])

names.append("RShoulderRoll")
times.append([1.04, 4.56, 5.4, 6.96, 7.52, 7.92, 10.8, 12.04, 14.28])
keys.append([-0.108956, -0.12, -0.119999, -0.12, -0.640536, -0.533873, -0.536942, -0.526205, -0.536942])

names.append("RWristYaw")
times.append([0.56, 1.04, 4.56, 5.4, 6.96, 7.92, 10.8, 12.04, 14.28])
keys.append([0.497419, 0.030638, -0.0331613, -0.033162, -0.0331613, 0.145688, 0.171766, 0.176367, 0.171766])

try:
  # uncomment the following line and modify the IP if you use this script outside Choregraphe.
  # motion = ALProxy("ALMotion", IP, 9559)
  motion = ALProxy("ALMotion")
  motion.angleInterpolation(names, keys, times, True)
except BaseException, err:
  print err
