-0.066848641436 9.902437083846 0.737103319654
-0.034644307371 9.887041840645 0.666867234506
-0.002286674923 9.870753758020 0.596320290380
0.030267062137 9.852696623368 0.525381477043
0.063056792716 9.831229169084 0.453983533821
0.096096388992 9.803324134901 0.382127914850
0.129320304189 9.763520407433 0.310008323742
0.162474331724 9.702323454158 0.238258727376
0.194922961308 9.604265916387 0.168383651522
0.225388674702 9.446954678635 0.103328075037
0.251796927237 9.204553339570 0.047787907583
0.271657487953 8.859976721806 0.007303292417
0.283321757931 8.422847488934 -0.014574105251
0.287395124182 7.935435408488 -0.019358579195
0.286669854163 7.452265438607 -0.013332145837
0.284412346355 7.011051410796 -0.003643861658
0.282813777496 6.622774868012 0.005095791336
0.282682017686 6.281040956846 0.011402246540
0.283853715275 5.974683814225 0.015917213950
0.285586463560 5.695300485586 0.020461865851
0.286670072012 5.440294999810 0.027678565122
0.285290797760 5.214020177185 0.041140893378
0.278765741246 5.028434759976 0.065647166672
0.263329692295 4.903127126658 0.107331124533
0.234281487159 4.863211175931 0.173087941829
0.186870888103 4.933094617505 0.268835574945
0.118013479094 5.126047661164 0.396778041269
0.028080887452 5.434422846598 0.553161417488
-0.078665308975 5.828688560316 0.728651421939
-0.195686221074 6.268216218319 0.911738143145
-0.316728043321 6.716406322793 1.092838698772
-0.437579839093 7.150017314127 1.266444996404
-0.556367503537 7.559721511681 1.430844487667
-0.672919663161 7.945659584097 1.586652129715
-0.787957004291 8.312468160218 1.735375422057
-0.902492108376 8.665851216216 1.878493075875
-1.017492708466 9.010820728929 2.017011552977
-1.133726712544 9.351038549268 2.151312540827
-1.251697138964 9.688703199280 2.281134699987
-1.371604089091 10.024627128786 2.405602050120
-1.493300947295 10.358329494345 2.523267380945
-1.616235064304 10.688087867538 2.632175554870
-1.739381381701 11.010964650207 2.729972861034
-1.861193338347 11.322868186446 2.814096488732
-1.979607893932 11.618730146717 2.882069484441
-2.092144669735 11.892872441096 2.931896304712
-2.196124290404 12.139587088404 2.962503541044
-2.288993396724 12.353862269649 2.974116159651
-2.368692601878 12.532088454295 2.968434443117
-2.433964772472 12.672528748650 2.948512336529
-2.484503786864 12.775387400953 2.918334581995
-2.520896486503 12.842452381795 2.882203064409
-2.544387172539 12.876448320754 2.844108138653
-2.556552146100 12.880326359703 2.807244436972
-2.558984513715 12.856701037865 2.773753248357
-2.553061605716 12.807553034277 2.744686762306
-2.539823776717 12.734211774658 2.720134452441
-2.519957072588 12.637557610955 2.699438312983
-2.493852620431 12.518350279982 2.681437607128
-2.461710393951 12.377588103162 2.664706009775
-2.423657879812 12.216816733419 2.647761934312
-2.379860082709 12.038328508875 2.629242651796
-2.330603995199 11.845220270614 2.608036505012
-2.276347659098 11.641306725859 2.583368914904
-2.217731111965 11.430914178090 2.554839974760
-2.155553173955 11.218600051450 2.522415253655
-2.090723052602 11.008852211262 2.486376173982
-2.024198146102 10.805817205710 2.447240308157
-1.956918977984 10.613091184365 2.405663758795
-1.889749563852 10.433587277852 2.362337068815
-1.823427931784 10.269474800927 2.317883564861
-1.758528275942 10.122172968221 2.272766025781
-1.695434242774 9.992376385530 2.227205510504
-1.634322548285 9.880090811680 2.181116136086
-1.575157452062 9.784664093871 2.134062017619
-1.517699104623 9.704807315672 2.085247085329
-1.461531499979 9.638613795764 2.033553488999
-1.406117141819 9.583596791803 1.977646529077
-1.350883420101 9.536776862729 1.916158646533
-1.295338096409 9.494850468407 1.847947173010
-1.239198170729 9.454455332720 1.772389819266
-1.182501903728 9.412513004377 1.689647469410
-1.125666559448 9.366584776471 1.600805696809
-1.069463352581 9.315147052970 1.507825488195
-1.014907168505 9.257700922963 1.413293338284
-0.963090520311 9.194682759065 1.320035644246
-0.915011125214 9.127213050531 1.230710794162
-0.871439580609 9.056770723896 1.147488221613
-0.832852091706 8.984886693065 1.071875417342
-0.799427336183 8.912919701587 1.004694045929
-0.771089051628 8.841934338212 0.946164763490
-0.747570866045 8.772667582435 0.896047286949
-0.728483950112 8.705554864293 0.853790646470
-0.713375652759 8.640786283481 0.818665578649
-0.701774260975 8.578370970545 0.789867038537
-0.693219696205 8.518196446536 0.766585701684
-0.687282318612 8.460077032567 0.748052941191
-0.683572745562 8.403790013104 0.733565616080
-0.681745434906 8.349100713823 0.722496764947
-0.681498263452 8.295778622681 0.714297179962
-0.682569746550 8.243606803449 0.708491542704
-0.684735032498 8.192386573346 0.704671659539
-0.687801407524 8.141939006918 0.702488443464
-0.691603759802 8.092104422972 0.701643647287
-0.696000254095 8.042740666901 0.701881914963
-0.700868339166 7.993720731571 0.702983431840
-0.706101127954 7.944930060474 0.704757275025
-0.711604140426 7.896263734693 0.707035456925
-0.717292369461 7.847623646417 0.709667592727
-0.723087613625 7.798915694538 0.712516088728
