-1.897640056856 11.208136231093 -2.658091967254
-1.246817072053 10.503140676406 -2.749619645176
-0.527870379706 9.779123884594 -2.879365879675
0.243172840518 9.038181113514 -3.038087337745
1.056976648402 8.279807813577 -3.220122679183
1.909175071756 7.500720589409 -3.422348478619
2.799433374586 6.694083928076 -3.643500672703
3.731002720697 5.847981275641 -3.883664953055
4.710440442703 4.942895174290 -4.143700645078
5.746928225779 3.948054889416 -4.424228746276
6.850032317591 2.817175901793 -4.723561092843
8.023751658063 1.486264694432 -5.033684281096
9.254013568184 -0.119044702329 -5.333771356586
10.489608616180 -2.053390286886 -5.583373210456
11.628622148280 -4.291844812197 -5.723833132590
12.538921709598 -6.674060209220 -5.699975140621
13.125438468289 -8.933846039635 -5.496624949081
13.391336929147 -10.834549041014 -5.154155827096
13.424732094215 -12.284888776240 -4.741504193572
13.332915128695 -13.330019881128 -4.317279620791
13.194720846189 -14.070964397139 -3.913686936056
13.052438924340 -14.602576885437 -3.541711846489
12.923038796877 -14.992409858855 -3.201497881222
12.810401869103 -15.282576209791 -2.889587315330
12.712956513688 -15.497622510854 -2.602354261722
12.627337620326 -15.651315219450 -2.337173979019
12.549780874692 -15.750964448705 -2.092609107101
12.476461407345 -15.799782761825 -1.868279297392
12.403406017677 -15.798017739317 -1.664681304779
12.326254922271 -15.743407203413 -1.483034987335
12.239982537061 -15.631302833446 -1.325153107819
12.138628949883 -15.454686915936 -1.193304461103
12.015093332944 -15.204265409708 -1.090028928514
11.861070618130 -14.868832823391 -1.017858935871
11.667255206838 -14.436135471532 -0.978906692684
11.423965566441 -13.894456777964 -0.974301213718
11.122319141324 -13.235035597967 -1.003517025013
10.755953985312 -12.455130710948 -1.063731098926
10.323024963370 -11.561064370217 -1.149448022507
9.827870312744 -10.570104679917 -1.252672589544
9.281562012995 -9.509970801769 -1.363794682914
8.700773869357 -8.415409281478 -1.473066567095
8.105059061277 -7.322554850392 -1.572232572174
7.513371966035 -6.262900229296 -1.655744095101
6.940981107398 -5.258843637076 -1.721177557459
6.397595279737 -4.321870044394 -1.768844024684
5.886853154412 -3.453165819347 -1.800881050890
5.406781225643 -2.645673555449 -1.820195830303
4.950660209214 -1.886536021190 -1.829520731852
4.507907278964 -1.159311728591 -1.830681155563
4.064903383754 -0.445895793023 -1.824069080723
3.606021806010 0.271501772072 -1.808303652443
3.115334132668 1.007818505408 -1.780131375853
2.579430376542 1.771789057609 -1.734722650227
1.991284205397 2.562278534505 -1.666557751699
1.354082508850 3.365852098401 -1.570929382242
0.682968162125 4.157671973340 -1.445681656708
0.002853913127 4.906750824052 -1.292405090856
-0.657553435922 5.583998323830 -1.116374018250
-1.272911514546 6.169415646775 -0.925191398441
-1.826300064507 6.655330884303 -0.726868897902
-2.310577566487 7.045224384852 -0.528250730956
-2.726710697577 7.349977436445 -0.334255253321
-3.080817254795 7.583798199946 -0.147865607429
-3.381370311902 7.761173824310 0.029461343588
-3.637217656374 7.895153037447 0.197275833196
-3.856459233059 7.996683541897 0.355679429923
-4.045960317763 8.074591653630 0.504988560559
-4.211246496169 8.135872072407 0.645508780526
-4.356587778049 8.186083144217 0.777388650206
-4.485152007504 8.229745136724 0.900520873553
-4.599162893455 8.270702778157 1.014464512046
-4.700032331461 8.312447134482 1.118368917782
-4.788455558455 8.358407172011 1.210885434369
