1.404386765770 9.479079366472 -0.035679407768
1.407134839715 9.488191359238 -0.076333992376
1.409718336895 9.498265933131 -0.117010628459
1.412121159481 9.509214966222 -0.157649135039
1.414321359515 9.520976811852 -0.198192450533
1.416289722141 9.533512438095 -0.238585490813
1.417988013767 9.546802438728 -0.278774369094
1.419366796178 9.560844673107 -0.318706014066
1.420362693152 9.575652309233 -0.358328264577
1.420894980623 9.591252041168 -0.397590570245
1.420861357896 9.607682227619 -0.436445490793
1.420132751525 9.624990650749 -0.474851264998
1.418547014153 9.643231520774 -0.512775814294
1.415901422795 9.662461251535 -0.550202653894
1.411943977322 9.682732407574 -0.587139296925
1.406363683165 9.704085085298 -0.623628833068
1.398780316781 9.726534866398 -0.659765400908
1.388734670861 9.750056424520 -0.695714179644
1.375681008461 9.774561970473 -0.731736186283
1.358984439229 9.799874134241 -0.768217418557
1.337927099438 9.825693803437 -0.805700543183
1.311728131933 9.851565084047 -0.844915242443
1.279583011277 9.876842049047 -0.886800527510
1.240726901114 9.900665130552 -0.932509245511
1.194523405297 9.921958149263 -0.983382768337
1.140573465330 9.939458509703 -1.040884347618
1.078829583365 9.951790807159 -1.106485077995
1.009690495537 9.957586041871 -1.181508086877
0.934045791797 9.955634888281 -1.266952819515
0.853244415677 9.945047811818 -1.363336322754
0.768978044305 9.925384546397 -1.470593768487
0.683095820390 9.896717807662 -1.588069807549
0.597390000662 9.859612996354 -1.714607181942
0.513401289709 9.815030680603 -1.848709719976
0.432283430030 9.764180368466 -1.988736899989
0.354744550019 9.708363209467 -2.133084588589
0.281059133270 9.648836133086 -2.280319474730
0.211128819503 9.586716004704 -2.429254333961
0.144565795880 9.522927399500 -2.578968398724
0.080776758892 9.458186982759 -2.728786896190
0.019033521700 9.393012790088 -2.878236162890
-0.041475695212 9.327746688262 -3.026988253262
-0.101614437909 9.262580797508 -3.174804579268
-0.162282460825 9.197581846138 -3.321483903657
-0.224411799817 9.132710265465 -3.466816916588
-0.288969528666 9.067832949745 -3.610547834460
-0.356962442147 9.002730035153 -3.752342770280
-0.429439232234 8.937096984691 -3.891764724660
-0.507486052531 8.870543902096 -4.028255636227
-0.592211760370 8.802594472049 -4.161126746036
-0.684719776287 8.732687276986 -4.289559319452
-0.786064662069 8.660182414831 -4.412618256845
-0.897193424797 8.584376194920 -4.529281009912
-1.018874296275 8.504526036463 -4.638483217395
-1.151619120487 8.419886383304 -4.739180415460
-1.295608915105 8.329754469424 -4.830422163598
-1.450634678251 8.233522357156 -4.911431453338
-1.616065943106 8.130729350018 -4.981679242198
-1.790857066182 8.021107381718 -5.040942501829
-1.973595684154 7.904611988830 -5.089335214491
-2.162590207993 7.781433309838 -5.127305545580
-2.355985608054 7.651984937088 -5.155598248781
-2.551891315107 7.516872508833 -5.175187684764
-2.748503411658 7.376847510161 -5.187191856268
-2.944205702752 7.232753878269 -5.192780252135
-3.137639673971 7.085475255313 -5.193087686942
-3.327739913615 6.935889322942 -5.189143347233
-3.513737457860 6.784833259522 -5.181820125226
-3.695137514709 6.633081773103 -5.171805288689
-3.871679788921 6.481336997150 -5.159590473563
-4.043289506417 6.330228102032 -5.145477237025
-4.210025907209 6.180317796477 -5.129593873786
-4.372033147620 6.032112812348 -5.111919529923
-4.529496760924 5.886075763714 -5.092312440204
-4.682607374806 5.742636250360 -5.070540022152
-4.831532376389 5.602199602995 -5.046309349859
-4.976395615870 5.465152176399 -5.019297079537
-5.117264940328 5.331862574464 -4.989178170748
-5.254147218256 5.202678653268 -4.955652767439
-5.386990428165 5.077920617150 -4.918470438990
-5.515692243736 4.957871005660 -4.877450730785
-5.640114295985 4.842762845839 -4.832498752966
-5.760100921681 4.732767659808 -4.783614466068
-5.875500761888 4.627985289578 -4.730894506979
-5.986189147158 4.528437537263 -4.674525896846
-6.092088917168 4.434067346996 -4.614771770857
-6.193187289429 4.344744653387 -4.551950269317
-6.289546690309 4.260279142471 -4.486408754709
-6.381308096544 4.180439141954 -4.418496355188
-6.468686328637 4.104974857125 -4.348538281626
-6.551957744251 4.033643384176 -4.276815295225
-6.631441726735 3.966232511437 -4.203551095945
-6.707478096175 3.902580334960 -4.128909349747
-6.780402987803 3.842588158386 -4.053000747613
-6.850525814789 3.786224939835 -3.975899100549
-6.918109689434 3.733522571922 -3.897664223864
-6.983357185357 3.684562401920 -3.818368417228
-7.046402662675 3.639454485859 -3.738122824785
-7.107311624767 3.598311996416 -3.657099934274
-7.166086801363 3.561223850122 -3.575548965440
-7.222679931590 3.528228880250 -3.493801862084
-7.277007630751 3.499294690473 -3.412268918708
-7.328969343583 3.474303678874 -3.331424545505
-7.378465274448 3.453047706336 -3.251785056804
-7.425412362349 3.435231666300 -3.173881410468
-7.469756803101 3.420485014960 -3.098230345042
-7.511482227311 3.408379359708 -3.025307289571
-7.550613303395 3.398449635760 -2.955523822839
-7.587215129864 3.390216283779 -2.889211508290
-7.621389219530 3.383206128341 -2.826612854553
-7.653267115546 3.376970224632 -2.767879163337
-7.683002720062 3.371097632943 -2.713074278312
-7.710764302044 3.365224753321 -2.662182808304
-7.736726941074 3.359040404006 -2.615121256231
-7.761065918201 3.352287206693 -2.571750579398
-7.783951330083 3.344760045090 -2.531888952285
-7.805544008311 3.336302417928 -2.495323816984
-7.825992684481 3.326801455433 -2.461822623864
-7.845432252900 3.316182252649 -2.431141943649
-7.863982939038 3.304402030640 -2.403034851301
-7.881750171438 3.291444493746 -2.377256637523
-7.898824966649 3.277314623870 -2.353569001445
-7.915284661121 3.262034048934 -2.331742929155
-7.931193853546 3.245637043801 -2.311560479495
-7.946605451095 3.228167166307 -2.292815692457
-7.961561740317 3.209674494743 -2.275314815660
-7.976095426836 3.190213412073 -2.258876017903
-7.990230606837 3.169840872178 -2.243328730260
-8.003983648049 3.148615081168 -2.228512727771
-8.017363968811 3.126594529450 -2.214277040089
-8.030374711708 3.103837315758 -2.200478758259
-8.043013313635 3.080400711334 -2.186981787319
-8.055271977738 3.056340919783 -2.173655580472
-8.067138054884 3.031712995327 -2.160373879776
-8.078594343645 3.006570888739 -2.147013480287
-8.089619318448 2.980967596109 -2.133453028873
-8.100187295952 2.954955390532 -2.119571865210
