1.837087285394 9.586066248161 -4.487587353712
1.824474085393 9.561462316456 -4.712939436524
1.811588209477 9.535899750611 -4.940161900956
1.798263507430 9.509049859924 -5.169603650013
1.784255090492 9.480466187450 -5.401658883527
1.769205204159 9.449542879009 -5.636756836393
1.752595857686 9.415460085113 -5.875337246175
1.733684520948 9.377114430253 -6.117802225298
1.711419721805 9.333034559951 -6.364431004413
1.684335947957 9.281286556996 -6.615239401346
1.650433873604 9.219383620256 -6.869762801967
1.607065429804 9.144231120044 -7.126744530513
1.550866326403 9.052162862375 -7.383729430750
1.477810549396 8.939152290238 -7.636607745908
1.383490786093 8.801295650116 -7.879236666764
1.263725022432 8.635626471648 -8.103374095764
1.115504448724 8.441188338045 -8.299227841143
0.938101359091 8.220064217875 -8.456831170839
0.733912304939 7.977850799038 -8.568101297170
0.508521063201 7.723105705453 -8.628921701537
0.269729880181 7.465729153123 -8.640301006249
0.025853290575 7.214856833566 -8.607984085351
-0.216009600587 6.977143255835 -8.540704232222
-0.451063653493 6.756036695254 -8.447937233710
-0.677046791946 6.552057213263 -8.338062073743
-0.893811400553 6.363664720755 -8.217373846660
-1.102631385938 6.188245754213 -8.089894188326
-1.305530308816 6.022924771503 -7.957677972316
-1.504769038348 5.865110065101 -7.821315692909
-1.702509398047 5.712808732125 -7.680441163478
-1.900611840228 5.564785361902 -7.534164970350
-2.100513402110 5.420629940193 -7.381424335435
-2.303143561646 5.280772941217 -7.221270106573
-2.508855021041 5.146456690307 -7.053114261841
-2.717366995176 5.019649508969 -6.876947961730
-2.927736909657 4.902877634373 -6.693518977997
-3.138388769892 4.798954195333 -6.504436047503
-3.347227429946 4.710607849387 -6.312156147629
-3.551852721304 4.640052714221 -6.119819328306
-3.749856708214 4.588581672261 -5.930929403816
-3.939151870483 4.556284310433 -5.748929043302
-4.118255906540 4.541970309726 -5.576761868353
-4.286465045765 4.543320710272 -5.416526571158
-4.443882183645 4.557218817982 -5.269298669487
-4.591311972804 4.580163939299 -5.135138530036
-4.730070010776 4.608664592316 -5.013248591847
-4.861764484145 4.639538071010 -4.902211928006
-4.988097926287 4.670088285064 -4.800244036135
-5.110715367537 4.698172003549 -4.705410019737
-5.231104584144 4.722184456899 -4.615785271746
-5.350540653245 4.740999439630 -4.529558720509
-5.470061427164 4.753892954194 -4.445089751021
-5.590460702432 4.760469597271 -4.360934025562
-5.712289045448 4.760601546485 -4.275852415942
-5.835856370091 4.754382943304 -4.188813789248
-5.961234249069 4.742097905616 -4.098998231254
-6.088259023609 4.724197899553 -4.005803375129
-6.216538817812 4.701283221284 -3.908853243170
-6.345468442109 4.674083491306 -3.808006612776
-6.474255820981 4.643433099513 -3.703360552076
-6.601962054406 4.610239262979 -3.595244585303
-6.727554779389 4.575442512615 -3.484201993612
-6.849971652297 4.539971631610 -3.370956870011
-6.968188230797 4.504696862323 -3.256368287231
-7.081283005663 4.470386147975 -3.141375643852
-7.188492284889 4.437669040656 -3.026941223934
-7.289249102949 4.407011747639 -2.913996728944
-7.383202898123 4.378704959886 -2.803399878069
-7.470219654487 4.352864140155 -2.695905383076
-7.550364794453 4.329440364753 -2.592152212538
-7.623872801357 4.308238967775 -2.492666638491
-7.691108165273 4.288943245977 -2.397878518657
-7.752521929511 4.271141241567 -2.308146758598
-7.808607246612 4.254354869073 -2.223788828353
-7.859856396641 4.238072031329 -2.145108370165
-7.906721115536 4.221783430653 -2.072414201224
-7.949578141874 4.205025970571 -2.006023567326
-7.988702696042 4.187433331753 -1.946243012875
-8.024253846449 4.168791006981 -1.893322859525
-8.056276553131 4.149087964780 -1.847387214953
-8.084724321467 4.128551700422 -1.808350762113
-8.109502700975 4.107650868633 -1.775843889701
-8.130527444600 4.087053639702 -1.749173639649
-8.147784324934 4.067541786213 -1.727343384995
-8.161374358144 4.049896657748 -1.709137211795
-8.171531568385 4.034785465162 -1.693251774392
-8.178609721341 4.022677099206 -1.678440856213
-8.183045011161 4.013805110449 -1.663635551340
-8.185308147535 4.008178177077 -1.648015918092
-8.185859354892 4.005624480320 -1.631029413658
-8.185115100794 4.005851090487 -1.612367192702
-8.183429393516 4.008502063713 -1.591916250044
-8.181087969246 4.013205422726 -1.569704252751
-8.178311558569 4.019605627609 -1.545848608842
-8.175264235917 4.027382507429 -1.520515497052
-8.172063700643 4.036259672196 -1.493890199468
-8.168791451343 4.046005805889 -1.466157570802
-8.165501775697 4.056431750248 -1.437490468000
-8.162229148188 4.067385512639 -1.408043869714
-8.158994024384 4.078746591268 -1.377952754037
-8.155807215899 4.090420432877 -1.347332269436
-8.152673099515 4.102333437961 -1.316279172897
-8.149591914499 4.114428676396 -1.284873861871
-8.146561371228 4.126662331250 -1.253182584613
-8.143577753079 4.139000813862 -1.221259590452
-8.140636653262 4.151418461727 -1.189149096542
-8.137733453372 4.163895723490 -1.156887018926
-8.134863622253 4.176417740822 -1.124502457496
-8.132022891994 4.188973247883 -1.092018947178
-8.129207351476 4.201553721664 -1.059455498659
-8.126413485909 4.214152728632 -1.026827455951
-8.123638182027 4.226765423896 -0.994147198137
