1.418371398998 9.481328315593 -0.036697812343
1.420246781769 9.491960165340 -0.077536120507
1.422090174975 9.503248525738 -0.118200047523
1.423861151548 9.515165690469 -0.158662004158
1.425515205698 9.527696499458 -0.198892090308
1.427001778830 9.540837259071 -0.238858075225
1.428261958473 9.554594858406 -0.278525550487
1.429225741282 9.568985979638 -0.317858342734
1.429808737316 9.584036282746 -0.356819308206
1.429908179504 9.599779415208 -0.395371677811
1.429398093725 9.616255652745 -0.433481181971
1.428123487954 9.633509915217 -0.471119260930
1.425893444838 9.651588820050 -0.508267758365
1.422473068499 9.670536334117 -0.544925599921
1.417574369772 9.690387468810 -0.581118061319
1.410846411342 9.711159347240 -0.616909306500
1.401865422337 9.732838889812 -0.652418875300
1.390126182280 9.755366375786 -0.687842639466
1.375036804399 9.778614344532 -0.723478299924
1.355920105000 9.802361848189 -0.759754601046
1.332025898215 9.826265139519 -0.797261912426
1.302559463258 9.849827638356 -0.836779572972
1.266731453096 9.872374486498 -0.879292545477
1.223832704114 9.893039837808 -0.925987117862
1.173332753476 9.910777298520 -0.978213946622
1.114992927273 9.924403993754 -1.037408668073
1.048974743565 9.932684632530 -1.104967576356
0.975915593655 9.934452535424 -1.182088909459
0.896941719338 9.928751207873 -1.269606176012
0.813598256090 9.914967478280 -1.367851953098
0.727697649414 9.892922378058 -1.476590716212
0.641113835294 9.862893763725 -1.595043659972
0.555568176782 9.825563824037 -1.722001715300
0.472454750187 9.781906931488 -1.855996846030
0.392736759980 9.733048592343 -1.995488059845
0.316921389097 9.680128744130 -2.139021839754
0.245098839553 9.624193842698 -2.285342247582
0.177020053114 9.566128418923 -2.433444605775
0.112187232219 9.506624537157 -2.582580828062
0.049937835093 9.446180295942 -2.732231186145
-0.010488663433 9.385116329856 -2.882057625406
-0.069904597843 9.323600527960 -3.031850453121
-0.129147064476 9.261673935744 -3.181475896284
-0.189066129224 9.199273672465 -3.330828240994
-0.250523667301 9.136251003623 -3.479787637330
-0.314398343144 9.072384304334 -3.628183201111
-0.381592684507 9.007387642766 -3.775760535621
-0.453038646847 8.940916292178 -3.922152964589
-0.529698387650 8.872570813753 -4.066856394459
-0.612557208043 8.801901547808 -4.209208647411
-0.702605906103 8.728415445429 -4.348375186179
-0.800810326826 8.651587137270 -4.483344220715
-0.908066921826 8.570875889205 -4.612935009065
-1.025144848925 8.485749525559 -4.735823418110
-1.152617619774 8.395715415375 -4.850588116807
-1.290790363365 8.300357200600 -4.955778807073
-1.439631883052 8.199374233460 -5.050004552198
-1.598722956600 8.092619018045 -5.132035865539
-1.767232697981 7.980126825173 -5.200909654716
-1.943932409344 7.862131615625 -5.256022729027
-2.127251040235 7.739063820202 -5.297198803990
-2.315369015133 7.611528316726 -5.324716685515
-2.506339630484 7.480264522164 -5.339293411121
-2.698221673282 7.346093910780 -5.342024147488
-2.889205074138 7.209862485623 -5.334288365338
-3.077713733842 7.072386167411 -5.317637071201
-3.262475206247 6.934405738646 -5.293677431690
-3.442553815445 6.796555468261 -5.263969057115
-3.617350066020 6.659346684716 -5.229941687150
-3.786573512685 6.523165121892 -5.192838670741
-3.950198132650 6.388279276918 -5.153685886135
-4.108409008263 6.254856377543 -5.113282446810
-4.261547514617 6.122982679964 -5.072207887654
-4.410060008529 5.992685411417 -5.030840266364
-4.554452846899 5.863954448230 -4.989380284229
-4.695254784243 5.736762567627 -4.947877661528
-4.832986545019 5.611083709574 -4.906257237587
-4.968136619921 5.486909087263 -4.864343383891
-5.101142006692 5.364261193571 -4.821882217958
-5.232372597601 5.243205792307 -4.778561761499
-5.362118113650 5.123861892123 -4.734030614091
-5.490576830076 5.006409514585 -4.687915939645
-5.617845779944 4.891094825012 -4.639841607739
-5.743912624172 4.778231941440 -4.589447203668
-5.868649894172 4.668200531415 -4.536408318909
-5.991812786223 4.561438221146 -4.480458058845
-6.113042026217 4.458426959447 -4.421409078149
-6.231873416190 4.359672875768 -4.359174737879
-6.347755401815 4.265679887807 -4.293787289651
-6.460075279304 4.176918316779 -4.225410505029
-6.568193495994 4.093790919873 -4.154344084034
-6.671484032992 4.016599801921 -4.081017665491
-6.769377382229 3.945518305919 -4.005973381983
-6.861401536903 3.880571913375 -3.929837531367
-6.947216082269 3.821631264259 -3.853283756961
-7.026635120658 3.768418725961 -3.776991693660
-7.099636333513 3.720527846971 -3.701605914482
-7.166355628761 3.677453027272 -3.627699942985
-7.227069016844 3.638625313135 -3.555749100086
-7.282165079152 3.603449684446 -3.486114317074
-7.332112293541 3.571339578066 -3.419037212364
-7.377425487441 3.541745460049 -3.354645132506
-7.418634970200 3.514175662729 -3.292963790974
-7.456260764308 3.488209078750 -3.233934696545
-7.490793137170 3.463500393299 -3.177434668890
-7.522679580944 3.439779220307 -3.123295214063
-7.552317631034 3.416844795162 -3.071320177624
-7.580052480620 3.394557851157 -3.021300743518
-7.606178193212 3.372831083663 -2.973027398093
-7.630941358470 3.351619291160 -2.926298884584
-7.654546196866 3.330909955265 -2.880928431845
-7.677160328592 3.310714731398 -2.836747674853
-7.698920635217 3.291062090197 -2.793608726149
-7.719938831583 3.271991181333 -2.751384839170
-7.740306518613 3.253546879482 -2.709970052663
-7.760099603013 3.235775905882 -2.669278139634
-7.779382050912 3.218723886143 -2.629241116817
-7.798208995520 3.202433195268 -2.589807508888
-7.816629250332 3.186941445611 -2.550940508760
-7.834687295367 3.172280486509 -2.512616132375
-7.852424809304 3.158475801182 -2.474821432829
-7.869881818944 3.145546204388 -2.437552813413
-7.887097532091 3.133503761572 -2.400814460676
-7.904110912505 3.122353865954 -2.364616905626
-7.920961047496 3.112095423690 -2.328975712406
-7.937687350655 3.102721108989 -2.293910288207
-7.954329634820 3.094217660789 -2.259442804922
-7.970928083707 3.086566200622 -2.225597221544
-7.987523144995 3.079742557795 -2.192398395994
-8.004155362870 3.073717593212 -2.159871275593
-8.020865164193 3.068457517235 -2.128040156539
-8.037692609433 3.063924200198 -2.096928004219
-8.054677117166 3.060075476586 -2.066555827930
-8.071857169295 3.056865445642 -2.036942105432
-8.089270002956 3.054244772411 -2.008102254636
-8.106951294447 3.052160993919 -1.980048151567
-8.124934840113 3.050558835518 -1.952787695491
