-7.487825154747 1.340711841608 1.863953715400
-7.456304663016 1.435845312538 1.524820903453
-7.424784856461 1.531089607327 1.185758789219
-7.393261019267 1.626563699818 0.846834551947
-7.361716771516 1.722503409366 0.508170102104
-7.330105113096 1.819364546261 0.169976547384
-7.298304660694 1.918005311888 -0.167401235966
-7.266023810666 2.019996968507 -0.503442747389
-7.232600887704 2.128128953984 -0.837454220817
-7.196607999269 2.247178839177 -1.168718554121
-7.155111766656 2.384968998802 -1.497013871457
-7.102405307779 2.553533288728 -1.823908520455
-7.028119567161 2.769679056224 -2.155428222850
-6.915147907076 3.053147561642 -2.506529601254
-6.739212072850 3.419309709829 -2.906378737709
-6.473839377281 3.864322643797 -3.399703492915
-6.103687960567 4.348622231422 -4.035818377148
-5.640302288356 4.797227994364 -4.843149497393
-5.123684260013 5.130349169286 -5.807299308597
-4.602256859898 5.303761440886 -6.877306066775
-4.108413477864 5.322379083946 -7.995344090208
-3.648690795567 5.223243545507 -9.121324139708
-3.206892893202 5.052671492263 -10.238653627227
-2.748347752375 4.853855544111 -11.348342489361
-2.218537933079 4.663885634922 -12.460815271292
-1.536705848471 4.512434474180 -13.587784443804
-0.592014325538 4.413836371867 -14.731123360055
0.739296054799 4.345756514675 -15.864763306475
2.528758533860 4.218120672830 -16.913541757705
4.686669676607 3.865339758301 -17.753256692514
6.911334143149 3.111994286525 -18.262717892437
8.821589638058 1.888396746501 -18.401036670402
10.178585022378 0.274390284823 -18.223965983077
10.963028778973 -1.569986445852 -17.824094841023
11.287467511151 -3.489242928037 -17.271284058949
11.290139231320 -5.363258929942 -16.596988883187
11.085601847039 -7.099792713577 -15.806590656468
10.758466075547 -8.621434997266 -14.896667804563
10.371505908642 -9.861475549662 -13.867920326835
9.972795028271 -10.768994271609 -12.732259840741
9.597483612340 -11.317681994211 -11.514493859627
9.265036328599 -11.511861066222 -10.249988594927
8.974797196183 -11.385809475101 -8.981083040307
8.703359378449 -10.997325605596 -7.755338219464
8.407606756199 -10.419757805823 -6.626006930867
8.037317698793 -9.735050250560 -5.649880167507
7.557156537248 -9.025145096371 -4.875374407691
6.966969139008 -8.358072285596 -4.322302046785
6.302811298918 -7.773409194857 -3.969522796567
5.615749298607 -7.278524695540 -3.764825202808
4.947172355518 -6.858691407975 -3.649179199584
4.318105054778 -6.491718277074 -3.575850309871
3.732339207443 -6.157782147379 -3.516002911731
3.184282813798 -5.842783250180 -3.455339943437
2.665295019077 -5.537937772591 -3.388505435003
2.167095746861 -5.238228021504 -3.314643539345
1.683034299974 -4.940963835381 -3.234724025736
1.208246111495 -4.644778739805 -3.150192089669
0.739374004208 -4.349016023482 -3.062393862411
0.274192056952 -4.053381115744 -2.972393169067
-0.188732017838 -3.757755055261 -2.880960387164
-0.650297976047 -3.462098851002 -2.788622968568
-1.111059673335 -3.166406691737 -2.695727753874
-1.571351984766 -2.870684336133 -2.602495756233
-2.031374107656 -2.574939931502 -2.509064203012
-2.491242747777 -2.279180649099 -2.415516419021
