1.391351112135 1.330086759432 0.510745663766
1.330086759432 7.459525882662 -2.301323713745
0.510745663766 -2.301323713745 10.701206371581
1.391325819248 1.330062579736 0.510736377652
1.330062579736 7.459390271375 -2.301281873494
0.510736377652 -2.301281873494 10.701011810845
1.391268770956 1.330008040746 0.510715428502
1.330008040746 7.459084378042 -2.301187486952
0.510715428502 -2.301187486952 10.700572897603
1.391142644408 1.329887454528 0.510669091655
1.329887454528 7.458407982904 -2.300978733719
0.510669091655 -2.300978733719 10.699602121870
1.390869410651 1.329626187915 0.510568610919
1.329626187915 7.456942185849 -2.300526139602
0.510568610919 -2.300526139602 10.697497219686
1.390289828516 1.329071830531 0.510355020605
1.329071830531 7.453830708746 -2.299564449622
0.510355020605 -2.299564449622 10.693023817276
1.389087766501 1.327921384943 0.509910056242
1.327921384943 7.447367671416 -2.297562668209
0.509910056242 -2.297562668209 10.683708724691
1.386657037257 1.325592081286 0.509001958387
1.325592081286 7.434257313307 -2.293484371202
0.509001958387 -2.293484371202 10.664715678552
1.381891553687 1.321013470249 0.507187840854
1.321013470249 7.408386848637 -2.285365282272
0.507187840854 -2.285365282272 10.626843440700
1.372933981618 1.312360208160 0.503645444103
1.312360208160 7.359102348945 -2.269619680008
0.503645444103 -2.269619680008 10.553161817313
1.357157130132 1.296940524835 0.496901868628
1.296940524835 7.269798442591 -2.240042582635
0.496901868628 -2.240042582635 10.413888874024
1.332434416400 1.272107415383 0.484444281135
1.272107415383 7.120489100937 -2.186781977680
0.484444281135 -2.186781977680 10.160049135532
1.302783288970 1.239765833307 0.462287330624
1.239765833307 6.905653312123 -2.096515329130
0.462287330624 -2.096515329130 9.719721071941
1.295087985278 1.220129733084 0.424823030564
1.220129733084 6.692724688373 -1.957111313714
0.424823030564 -1.957111313714 9.008229414393
1.394600341242 1.281359311277 0.365721711372
1.281359311277 6.752303754023 -1.771986432587
0.365721711372 -1.771986432587 7.972749808493
1.787749774361 1.575949941738 0.280851362713
1.575949941738 7.724263051166 -1.584120330124
0.280851362713 -1.584120330124 6.680612761272
2.744192595920 2.327515674706 0.172813195930
2.327515674706 10.576642136815 -1.487048921465
0.172813195930 -1.487048921465 5.390738866551
4.450112832469 3.693968071686 0.053325886106
3.693968071686 16.026999691345 -1.581640994416
0.053325886106 -1.581640994416 4.468756285368
6.785201319230 5.581853346544 -0.060958522686
5.581853346544 23.731717222125 -1.891304892241
-0.060958522686 -1.891304892241 4.134579972183
9.330667309604 7.650001130582 -0.156814041948
7.650001130582 32.272953161329 -2.333913962565
-0.156814041948 -2.333913962565 4.311232010323
11.639619260230 9.531126265338 -0.229153869205
9.531126265338 40.093022553817 -2.788816985662
-0.229153869205 -2.788816985662 4.746595490328
13.455493250932 11.012699949491 -0.279462893599
11.012699949491 46.275956857808 -3.170620298126
-0.279462893599 -3.170620298126 5.213017934587
14.714755361265 12.040330329793 -0.311802202967
12.040330329793 50.577251068692 -3.444599032294
-0.311802202967 -3.444599032294 5.584776921032
15.439278940906 12.628972705411 -0.329846395840
12.628972705411 53.058673919662 -3.603844998442
-0.329846395840 -3.603844998442 5.810518326880
15.638984223520 12.779743313128 -0.335586329528
12.779743313128 53.754248786318 -3.643157559450
-0.335586329528 -3.643157559450 5.863323422990
15.263064138603 12.429657436428 -0.329312680043
12.429657436428 52.510540842305 -3.542293183090
-0.329312680043 -3.542293183090 5.707278985961
14.214345143473 11.436434941861 -0.311123194565
11.436434941861 49.061439851710 -3.260535244054
-0.311123194565 -3.260535244054 5.290569372015
12.468601687907 9.622307791295 -0.284992993812
9.622307791295 43.480767604777 -2.749691408241
-0.284992993812 -2.749691408241 4.578408002127
10.316860784706 6.920163945328 -0.264427711852
6.920163945328 37.011250853135 -1.998033381613
-0.264427711852 -1.998033381613 3.635960526407
8.515495467717 3.582428259138 -0.270605233762
3.582428259138 32.354796690177 -1.092337282892
-0.270605233762 -1.092337282892 2.700771337912
7.902007962964 0.208703541033 -0.312181531646
0.208703541033 31.882698676252 -0.223271042802
-0.312181531646 -0.223271042802 2.092790630766
8.666745302531 -2.591030324980 -0.365429698070
-2.591030324980 35.021990258543 0.419965654960
-0.365429698070 0.419965654960 1.974774059973
10.296161916303 -4.568594174670 -0.389294132162
-4.568594174670 38.754297224204 0.760996501568
-0.389294132162 0.760996501568 2.271366757148
12.231913137778 -5.847205821025 -0.357092399902
-5.847205821025 40.550550605466 0.832545251170
-0.357092399902 0.832545251170 2.831517316592
14.288254754879 -6.705094854641 -0.265210914475
-6.705094854641 39.742173384503 0.706651132004
-0.265210914475 0.706651132004 3.572519983580
16.582891908048 -7.413060955394 -0.122799700989
-7.413060955394 36.924419740868 0.448150011114
-0.122799700989 0.448150011114 4.490760515818
19.326403669275 -8.176319261870 0.057483850135
-8.176319261870 33.085489131882 0.104998568833
0.057483850135 0.104998568833 5.614009834229
22.658399766275 -9.118861122216 0.262134715540
-9.118861122216 29.148805005600 -0.285437385777
0.262134715540 -0.285437385777 6.954061915765
26.532487751401 -10.268575946176 0.476019791802
-10.268575946176 25.792651816751 -0.688413792739
0.476019791802 -0.688413792739 8.470210346668
30.635684117177 -11.538615731336 0.681475894883
-11.538615731336 23.359444248789 -1.066800619382
0.681475894883 -1.066800619382 10.045767259129
34.363500958331 -12.720842069316 0.859143205527
-12.720842069316 21.813671376047 -1.379425568670
0.859143205527 -1.379425568670 11.488165691006
36.886486012907 -13.510337535219 0.991636125704
-13.510337535219 20.787897844746 -1.581827382413
0.991636125704 -1.581827382413 12.568193067543
37.331913691753 -13.571946606572 1.071087865499
-13.571946606572 19.747449113003 -1.628694680886
1.071087865499 -1.628694680886 13.111840088204
35.086278192296 -12.650628468673 1.111117171197
-12.650628468673 18.255367650499 -1.478999189083
1.111117171197 -1.478999189083 13.147160170944
30.180950058568 -10.712901601314 1.159493456002
-10.712901601314 16.262650979955 -1.106939086274
1.159493456002 -1.106939086274 13.064000296681
23.573038163093 -8.057682543397 1.296803189696
-8.057682543397 14.261029268669 -0.520132807013
1.296803189696 -0.520132807013 13.635589136166
16.942594622289 -5.266714493917 1.600645305170
-5.266714493917 13.069493336381 0.223568098568
1.600645305170 0.223568098568 15.685940226369
11.853881818617 -2.929039562710 2.084822046543
-2.929039562710 13.253889032534 1.020856841390
2.084822046543 1.020856841390 19.474139097757
8.909275035686 -1.334664784419 2.673869889221
-1.334664784419 14.684907488522 1.759409218146
2.673869889221 1.759409218146 24.388022970083
7.715766253049 -0.423209977342 3.251394618334
-0.423209977342 16.712111512210 2.362489280968
3.251394618334 2.362489280968 29.364298636137
7.511613570694 0.030804895767 3.730923474697
0.030804895767 18.684445626218 2.806956102591
3.730923474697 2.806956102591 33.569723532968
7.693720516219 0.236693197974 4.083378159591
0.236693197974 20.256025752721 3.109873761352
4.083378159591 3.109873761352 36.691744914847
7.946706771471 0.325489815017 4.321118421724
0.325489815017 21.363848712075 3.304886525625
4.321118421724 3.304886525625 38.809787503094
8.155770027829 0.363404294187 4.472286538296
0.363404294187 22.085944024452 3.425436841926
4.472286538296 3.425436841926 40.161054565510
8.300525879858 0.379974708715 4.564590341065
0.379974708715 22.533130964819 3.497821504866
4.564590341065 3.497821504866 40.987740030243
8.392305263763 0.387552206634 4.619373199036
0.387552206634 22.800690755592 3.540362451213
4.619373199036 3.540362451213 41.478930536066
8.447614205429 0.391204066066 4.651218879569
0.391204066066 22.956943048668 3.564951775573
4.651218879569 3.564951775573 41.764645941590
8.479889801020 0.393047818246 4.669435532118
0.393047818246 23.046557648140 3.578971976424
4.669435532118 3.578971976424 41.928142944589
8.498311842353 0.394010455527 4.679718508679
0.394010455527 23.097217973550 3.586871600314
4.679718508679 3.586871600314 42.020453056125
8.508654001675 0.394523183802 4.685456010662
0.394523183802 23.125507716071 3.591274748658
4.685456010662 3.591274748658 42.071964434909
8.514382795108 0.394798773328 4.688623404345
0.394798773328 23.141132210474 3.593704123184
4.688623404345 3.593704123184 42.100403153827
8.517519459873 0.394947145714 4.690354416849
0.394947145714 23.149673289189 3.595031384188
4.690354416849 3.595031384188 42.115945743343
8.519218734430 0.395026784989 4.691291239206
0.395026784989 23.154296341937 3.595749573914
4.691291239206 3.595749573914 42.124357538430
8.520130106255 0.395069284035 4.691793411918
0.395069284035 23.156774657261 3.596134515691
4.691793411918 3.596134515691 42.128866629470
8.520614169425 0.395091796216 4.692060056922
0.395091796216 23.158090651277 3.596338903044
4.692060056922 3.596338903044 42.131260891754
8.520868828893 0.395103622716 4.692200313913
0.395103622716 23.158782886965 3.596446409310
4.692200313913 3.596446409310 42.132520292810
