names.append("HeadPitch")
times.append([1.64, 2.8, 3.56, 4.32, 5.12, 5.88, 7])
keys.append([-0.145772, -0.563021, -0.145772, -0.563021, -0.145772, -0.563021, -0.230143])

names.append("HeadYaw")
times.append([1.64, 2.8, 3.56, 4.32, 5.12, 5.88, 7])
keys.append([-0.01845, -0.00617791, -0.01845, -0.00617791, -0.01845, -0.00617791, -0.00617791])

names.append("LAnklePitch")
times.append([1.64, 2.8, 3.56, 4.32, 5.12, 5.88, 7])
keys.append([-0.767043, -0.756304, -0.767043, -0.756304, -0.767043, -0.756304, -0.0798099])

names.append("LAnkleRoll")
times.append([1.64, 2.8, 3.56, 4.32, 5.12, 5.88, 7])
keys.append([-0.190175, -0.190175, -0.190175, -0.190175, -0.190175, -0.190175, -0.0996681])

names.append("LElbowRoll")
times.append([1.64, 2.8, 3.56, 4.32, 5.12, 5.88, 7])
keys.append([-0.409536, -0.322099, -0.409536, -0.322099, -0.409536, -0.322099, -0.510779])

names.append("LElbowYaw")
times.append([1.64, 2.8, 3.56, 4.32, 5.12, 5.88, 7])
keys.append([-2.04486, -2.08474, -2.04486, -2.08474, -2.04486, -2.08474, -1.86998])

names.append("LHand")
times.append([1.64, 2.8, 3.56, 4.32, 5.12, 5.88, 7])
keys.append([0.3832, 0.3832, 0.3832, 0.3832, 0.3832, 0.3832, 0.3832])

names.append("LHipPitch")
times.append([1.64, 2.8, 3.56, 4.32, 5.12, 5.88, 7])
keys.append([-0.346642, -0.346642, -0.346642, -0.346642, -0.346642, -0.346642, -0.237728])

names.append("LHipRoll")
times.append([1.64, 2.8, 3.56, 4.32, 5.12, 5.88, 7])
keys.append([0.22554, 0.22554, 0.22554, 0.22554, 0.22554, 0.22554, 0.108956])

names.append("LHipYawPitch")
times.append([1.64, 2.8, 3.56, 4.32, 5.12, 5.88, 7])
keys.append([-0.279146, -0.279146, -0.279146, -0.279146, -0.279146, -0.279146, -0.133416])

names.append("LKneePitch")
times.append([1.64, 2.8, 3.56, 4.32, 5.12, 5.88, 7])
keys.append([1.36829, 1.36829, 1.36829, 1.36829, 1.36829, 1.36829, 0.408002])

names.append("LShoulderPitch")
times.append([1.64, 2.8, 3.56, 4.32, 5.12, 5.88, 7])
keys.append([1.5585, 1.77633, 1.5585, 1.77633, 1.5585, 1.77633, 1.54009])

names.append("LShoulderRoll")
times.append([1.64, 2.8, 3.56, 4.32, 5.12, 5.88, 7])
keys.append([0.366584, 1.1796, 0.366584, 1.1796, 0.366584, 1.1796, 0.0152981])

names.append("LWristYaw")
times.append([1.64, 2.8, 3.56, 4.32, 5.12, 5.88, 7])
keys.append([0.233125, 0.0735901, 0.233125, 0.0735901, 0.233125, 0.0735901, 0.0352399])

names.append("RAnklePitch")
times.append([1.64, 2.8, 3.56, 4.32, 5.12, 5.88, 7])
keys.append([-0.728609, -0.722472, -0.728609, -0.722472, -0.728609, -0.722472, 0.01845])

names.append("RAnkleRoll")
times.append([1.64, 2.8, 3.56, 4.32, 5.12, 5.88, 7])
keys.append([0.158044, 0.158044, 0.158044, 0.158044, 0.158044, 0.158044, 0.144238])

names.append("RElbowRoll")
times.append([1.64, 2.8, 3.56, 4.32, 5.12, 5.88, 7])
keys.append([0.451038, 0.274628, 0.451038, 0.274628, 0.451038, 0.274628, 0.377407])

names.append("RElbowYaw")
times.append([1.64, 2.8, 3.56, 4.32, 5.12, 5.88, 7])
keys.append([2.08567, 2.08567, 2.08567, 2.08567, 2.08567, 2.08567, 1.99723])

names.append("RHand")
times.append([1.64, 2.8, 3.56, 4.32, 5.12, 5.88, 7])
keys.append([0.2832, 0.2832, 0.2832, 0.2832, 0.2832, 0.2832, 0.2832])

names.append("RHipPitch")
times.append([1.64, 2.8, 3.56, 4.32, 5.12, 5.88, 7])
keys.append([-0.398881, -0.398881, -0.398881, -0.398881, -0.398881, -0.398881, -0.115092])

names.append("RHipRoll")
times.append([1.64, 2.8, 3.56, 4.32, 5.12, 5.88, 7])
keys.append([-0.131882, -0.14262, -0.131882, -0.14262, -0.131882, -0.14262, -0.116542])

names.append("RHipYawPitch")
times.append([1.64, 2.8, 3.56, 4.32, 5.12, 5.88, 7])
keys.append([-0.279146, -0.279146, -0.279146, -0.279146, -0.279146, -0.279146, -0.133416])

names.append("RKneePitch")
times.append([1.64, 2.8, 3.56, 4.32, 5.12, 5.88, 7])
keys.append([1.3515, 1.3515, 1.3515, 1.3515, 1.3515, 1.3515, 0.154976])

names.append("RShoulderPitch")
times.append([1.64, 2.8, 3.56, 4.32, 5.12, 5.88, 7])
keys.append([1.51563, 1.69511, 1.51563, 1.69511, 1.51563, 1.69511, 1.37911])

names.append("RShoulderRoll")
times.append([1.64, 2.8, 3.56, 4.32, 5.12, 5.88, 7])
keys.append([-0.380475, -1.23645, -0.380475, -1.23645, -0.380475, -1.23645, -0.0429941])

names.append("RWristYaw")
times.append([1.64, 2.8, 3.56, 4.32, 5.12, 5.88, 7])
keys.append([-0.242414, 0.110406, -0.242414, 0.110406, -0.242414, 0.110406, 0.0429101])

