names.append("HeadPitch")
times.append([0.48, 0.88, 1.96, 3.36, 4.44, 5.76, 6.28, 6.8])
keys.append([-0.21293, 0.514872, 0.149268, 0.514872, 0.149268, 0.514872, 0.274544, -0.196393])

names.append("HeadYaw")
times.append([0.48, 0.88, 1.96, 3.36, 4.44, 5.76, 6.28, 6.8])
keys.append([-0.0453786, -0.3735, -0.370809, -0.3735, -0.370809, -0.3735, 0.0367741, -0.021518])

names.append("LAnklePitch")
times.append([0.88, 1.84, 3.24, 4.32, 5.64, 6.68])
keys.append([-0.030722, -0.122762, -0.14884, -0.122762, -0.14884, 0.0858622])

names.append("LAnkleRoll")
times.append([0.88, 1.84, 3.24, 4.32, 5.64, 6.68])
keys.append([-0.144154, -0.147222, -0.139552, -0.147222, -0.139552, -0.131882])

names.append("LElbowRoll")
times.append([0.56, 0.96, 2.04, 3.44, 4.52, 5.84, 6.36, 6.88])
keys.append([-0.849975, -1.54462, -1.54462, -1.54462, -1.54462, -1.54462, -1.23023, -0.423342])

names.append("LElbowYaw")
times.append([0.96, 2.04, 3.44, 4.52, 5.84, 6.36, 6.88])
keys.append([0, 0.0280028, 0, 0.0280028, 0, -1.35763, -1.1981])

names.append("LHand")
times.append([0.56, 0.96, 2.04, 3.44, 4.52, 5.84, 6.36, 6.88])
keys.append([0.08, 0.602755, 0.602755, 0.602755, 0.602755, 0.602755, 0.1, 0.3092])

names.append("LHipPitch")
times.append([0.88, 1.84, 3.24, 4.32, 5.64, 6.68])
keys.append([-0.421808, 0.128898, -0.697927, 0.128898, -0.697927, 0.1335])

names.append("LHipRoll")
times.append([0.88, 1.84, 3.24, 4.32, 5.64, 6.68])
keys.append([0.101286, 0.150374, 0.0874801, 0.150374, 0.0874801, 0.0951499])

names.append("LHipYawPitch")
times.append([0.88, 1.84, 3.24, 4.32, 5.64, 6.68])
keys.append([-0.288349, -0.184038, -0.253067, -0.184038, -0.253067, -0.156426])

names.append("LKneePitch")
times.append([0.88, 1.84, 3.24, 4.32, 5.64, 6.68])
keys.append([0.486237, 0.271475, 0.76389, 0.271475, 0.76389, -0.092082])

names.append("LShoulderPitch")
times.append([0.56, 0.96, 2.04, 3.44, 4.52, 5.84, 6.36, 6.88])
keys.append([0.195477, -0.403171, -0.654399, -0.403171, -0.654399, -0.403171, 1.52936, 1.53549])

names.append("LShoulderRoll")
times.append([0.96, 2.04, 3.44, 4.52, 5.84, 6.36, 6.88])
keys.append([0.139697, 0.15506, 0.139697, 0.15506, 0.139697, 0.00609397, 0.116542])

names.append("LWristYaw")
times.append([0.56, 0.96, 2.04, 3.44, 4.52, 5.84, 6.36, 6.88])
keys.append([-0.7662, 0, 0, 0, 0, 0, -0.30224, 0.0889301])

names.append("RAnklePitch")
times.append([0.88, 1.84, 3.24, 4.32, 5.64, 6.68])
keys.append([-0.0383082, -0.078192, -0.211651, -0.078192, -0.211651, 0.099752])

names.append("RAnkleRoll")
times.append([0.88, 1.84, 3.24, 4.32, 5.64, 6.68])
keys.append([0.179519, 0.216335, 0.12583, 0.216335, 0.12583, 0.130432])

names.append("RElbowRoll")
times.append([0.48, 0.88, 1.44, 2.48, 3.36, 3.92, 4.96, 5.76, 6.28, 6.8])
keys.append([1.24791, 0.534071, 0.0349066, 0.884857, 0.534071, 0.0349066, 0.884857, 0.534071, 1.29014, 0.418823])

names.append("RElbowYaw")
times.append([0.48, 0.88, 1.96, 3.36, 4.44, 5.76, 6.28, 6.8])
keys.append([1.42244, 1.2363, 1.24098, 1.2363, 1.24098, 1.2363, 1.39743, 1.19955])

names.append("RHand")
times.append([0.48, 1.4, 2.48, 3.88, 4.96, 6.28, 6.8])
keys.append([0.66, 0.602465, 0.98, 0.602465, 0.98, 0.1, 0.308])

names.append("RHipPitch")
times.append([0.88, 1.84, 3.24, 4.32, 5.64, 6.68])
keys.append([-0.403483, 0.197844, -0.705682, 0.197844, -0.705682, 0.125746])

names.append("RHipRoll")
times.append([0.88, 1.84, 3.24, 4.32, 5.64, 6.68])
keys.append([-0.124212, -0.208583, -0.0643861, -0.208583, -0.0643861, -0.0904641])

names.append("RHipYawPitch")
times.append([0.88, 1.84, 3.24, 4.32, 5.64, 6.68])
keys.append([-0.288349, -0.184038, -0.253067, -0.184038, -0.253067, -0.156426])

names.append("RKneePitch")
times.append([0.88, 1.84, 3.24, 4.32, 5.64, 6.68])
keys.append([0.466378, 0.131966, 0.814596, 0.131966, 0.814596, -0.0827939])

names.append("RShoulderPitch")
times.append([0.48, 0.88, 1.96, 3.36, 4.44, 5.76, 6.28, 6.8])
keys.append([0.79587, 0.53058, -0.506132, 0.53058, -0.506132, 0.53058, 1.58927, 1.53404])

names.append("RShoulderRoll")
times.append([0.88, 1.96, 3.36, 4.44, 5.76, 6.28, 6.8])
keys.append([0.219786, 0.190134, 0.219786, 0.190134, 0.219786, 0.208528, -0.124296])

names.append("RWristYaw")
times.append([0.48, 0.88, 1.96, 3.36, 4.44, 5.76, 6.28, 6.8])
keys.append([0.493928, -1.27409, -1.27223, -1.27409, -1.27223, -1.27409, 0.883542, 0.0858622])

