names.append("HeadPitch")
times.append([1.28, 2.04, 2.88, 3.68, 4.2, 4.72, 5.24, 5.68, 6.04, 6.44, 6.8, 7.16, 7.56, 8, 8.4, 8.8])
keys.append([-0.138102, -0.138102, -0.138102, -0.165714, -0.165714, -0.165714, -0.165714, -0.165714, -0.165714, -0.176453, -0.176453, -0.176453, -0.176453, -0.176453, -0.176453, -0.176453])

names.append("HeadYaw")
times.append([1.28, 2.04, 2.88, 3.68, 4.2, 4.72, 5.24, 5.68, 6.04, 6.44, 6.8, 7.16, 7.56, 8, 8.4, 8.8])
keys.append([-0.0291878, -0.0291878, -0.0291878, -0.0291878, -0.0291878, -0.0291878, -0.0291878, -0.0291878, -0.0291878, -0.0291878, -0.0291878, -0.0291878, -0.0291878, -0.0291878, -0.0291878, -0.0291878])

names.append("LAnklePitch")
times.append([1.28, 2.04, 2.88, 3.68, 4.2, 4.72, 5.24, 5.68, 6.04, 6.44, 6.8, 7.16, 7.56, 8, 8.4, 8.8])
keys.append([0.0904641, 0.0904641, 0.0904641, 0.0904641, 0.0904641, 0.0904641, 0.093532, 0.093532, 0.0827939, 0.095066, 0.0843279, 0.0966001, 0.0966001, 0.0858622, 0.0904641, 0.0904641])

names.append("LAnkleRoll")
times.append([1.28, 2.04, 2.88, 3.68, 4.2, 4.72, 5.24, 5.68, 6.04, 6.44, 6.8, 7.16, 7.56, 8, 8.4, 8.8])
keys.append([-0.122678, -0.122678, -0.122678, -0.122678, -0.122678, -0.122678, -0.122678, -0.122678, -0.122678, -0.122678, -0.122678, -0.122678, -0.122678, -0.122678, -0.122678, -0.122678])

names.append("LElbowRoll")
times.append([1.28, 2.04, 2.88, 3.68, 4.2, 4.72, 5.24, 5.68, 6.04, 6.44, 6.8, 7.16, 7.56, 8, 8.4, 8.8])
keys.append([-0.966378, -0.98632, -1.4772, -1.4772, -0.139552, -1.12591, -0.211651, -1.50941, -0.409536, -1.48947, -0.315962, -1.02007, -1.02007, -1.20722, -1.42811, -1.42811])

names.append("LElbowYaw")
times.append([1.28, 2.04, 2.88, 3.68, 4.2, 4.72, 5.24, 5.68, 6.04, 6.44, 6.8, 7.16, 7.56, 8, 8.4, 8.8])
keys.append([-1.12293, -0.822267, 0.122678, 0.122678, 0.351244, -1.48495, -1.34996, -1.19503, -1.44967, -1.34536, -1.3561, -1.41132, -1.41132, -2.08567, -1.74267, -1.74267])

names.append("LHand")
times.append([1.28, 2.04, 2.88, 3.68, 4.2, 4.72, 5.24, 5.68, 6.04, 6.44, 6.8, 7.16, 7.56, 8, 8.4, 8.8])
keys.append([0.3, 0.3, 0.3, 0.3, 0.3, 0.3, 0.3, 0.3, 0.3, 0.3, 0.3, 0.3, 0.3, 0.3, 0.3, 0.3])

names.append("LHipPitch")
times.append([1.28, 2.04, 2.88, 3.68, 4.2, 4.72, 5.24, 5.68, 6.04, 6.44, 6.8, 7.16, 7.56, 8, 8.4, 8.8])
keys.append([0.1335, 0.1335, 0.1335, 0.1335, 0.1335, 0.122762, 0.1335, 0.1335, 0.1335, 0.1335, 0.1335, 0.1335, 0.1335, 0.1335, 0.1335, 0.1335])

names.append("LHipRoll")
times.append([1.28, 2.04, 2.88, 3.68, 4.2, 4.72, 5.24, 5.68, 6.04, 6.44, 6.8, 7.16, 7.56, 8, 8.4, 8.8])
keys.append([0.0966839, 0.0966839, 0.0966839, 0.0966839, 0.0966839, 0.0966839, 0.0966839, 0.0966839, 0.0966839, 0.0966839, 0.0966839, 0.0966839, 0.0966839, 0.0966839, 0.0966839, 0.0966839])

names.append("LHipYawPitch")
times.append([1.28, 2.04, 2.88, 3.68, 4.2, 4.72, 5.24, 5.68, 6.04, 6.44, 6.8, 7.16, 7.56, 8, 8.4, 8.8])
keys.append([-0.171766, -0.171766, -0.171766, -0.171766, -0.171766, -0.171766, -0.171766, -0.171766, -0.171766, -0.171766, -0.171766, -0.171766, -0.171766, -0.171766, -0.171766, -0.171766])

names.append("LKneePitch")
times.append([1.28, 2.04, 2.88, 3.68, 4.2, 4.72, 5.24, 5.68, 6.04, 6.44, 6.8, 7.16, 7.56, 8, 8.4, 8.8])
keys.append([-0.0874801, -0.0874801, -0.0874801, -0.0874801, -0.0874801, -0.0874801, -0.0874801, -0.0874801, -0.0874801, -0.0874801, -0.0874801, -0.0874801, -0.0874801, -0.0874801, -0.0874801, -0.0874801])

names.append("LShoulderPitch")
times.append([1.28, 2.04, 2.88, 3.68, 4.2, 4.72, 5.24, 5.68, 6.04, 6.44, 6.8, 7.16, 7.56, 8, 8.4, 8.8])
keys.append([0.484702, 0.874338, -0.270025, -0.270025, -0.335988, 1.53703, -0.190258, 1.45726, -0.144238, 1.7119, 0.15029, 1.7165, 1.7165, 1.56771, 1.58918, 1.58918])

names.append("LShoulderRoll")
times.append([1.28, 2.04, 2.88, 3.68, 4.2, 4.72, 5.24, 5.68, 6.04, 6.44, 6.8, 7.16, 7.56, 8, 8.4, 8.8])
keys.append([-0.0506639, -0.0123138, 0.716335, 0.716335, -0.208666, 0.0689882, -0.274628, -0.04913, -0.0966839, 0.030638, -0.1335, 0.0904641, 0.0904641, -0.0414601, 0.1733, 0.1733])

names.append("LWristYaw")
times.append([1.28, 2.04, 2.88, 3.68, 4.2, 4.72, 5.24, 5.68, 6.04, 6.44, 6.8, 7.16, 7.56, 8, 8.4, 8.8])
keys.append([0.631966, 0.714801, 0.06592, 0.06592, -0.293036, -1.23798, 0.983252, 1.34988, 1.31153, 1.49561, 1.26091, 1.53089, 1.53089, -1.00941, -0.194861, -0.194861])

names.append("RAnklePitch")
times.append([1.28, 2.04, 2.88, 3.68, 4.2, 4.72, 5.24, 5.68, 6.04, 6.44, 6.8, 7.16, 7.56, 8, 8.4, 8.8])
keys.append([0.092082, 0.092082, 0.092082, 0.092082, 0.092082, 0.092082, 0.092082, 0.092082, 0.092082, 0.092082, 0.092082, 0.092082, 0.092082, 0.092082, 0.0951499, 0.0951499])

names.append("RAnkleRoll")
times.append([1.28, 2.04, 2.88, 3.68, 4.2, 4.72, 5.24, 5.68, 6.04, 6.44, 6.8, 7.16, 7.56, 8, 8.4, 8.8])
keys.append([0.131966, 0.131966, 0.131966, 0.131966, 0.131966, 0.131966, 0.131966, 0.131966, 0.131966, 0.131966, 0.131966, 0.131966, 0.131966, 0.131966, 0.131966, 0.131966])

names.append("RElbowRoll")
times.append([1.28, 2.04, 2.88, 3.68, 4.2, 4.72, 5.24, 5.68, 6.04, 6.44, 6.8, 7.16, 7.56, 8, 8.4, 8.8])
keys.append([1.48342, 1.19196, 1.40212, 0.612108, 1.42206, 0.544613, 1.15514, 0.497058, 1.43587, 0.449504, 0.68574, 0.533873, 0.533873, 0.437231, 0.678071, 0.664264])

names.append("RElbowYaw")
times.append([1.28, 2.04, 2.88, 3.68, 4.2, 4.72, 5.24, 5.68, 6.04, 6.44, 6.8, 7.16, 7.56, 8, 8.4, 8.8])
keys.append([0.550664, 1.19034, 0.659577, 1.15353, 1.27471, 1.53856, 1.53856, 1.75025, 1.44959, 1.77786, 1.7794, 1.7794, 1.7794, 1.7702, 1.76252, 1.76252])

names.append("RHand")
times.append([1.28, 2.04, 2.88, 3.68, 4.2, 4.72, 5.24, 5.68, 6.04, 6.44, 6.8, 7.16, 7.56, 8, 8.4, 8.8])
keys.append([0.2912, 0.2912, 0.2912, 0.2912, 0.2912, 0.2912, 0.2912, 0.2912, 0.2912, 0.2912, 0.2912, 0.2912, 0.2912, 0.2912, 0.2912, 0.2912])

names.append("RHipPitch")
times.append([1.28, 2.04, 2.88, 3.68, 4.2, 4.72, 5.24, 5.68, 6.04, 6.44, 6.8, 7.16, 7.56, 8, 8.4, 8.8])
keys.append([0.12728, 0.12728, 0.12728, 0.12728, 0.12728, 0.12728, 0.12728, 0.12728, 0.12728, 0.12728, 0.12728, 0.12728, 0.12728, 0.12728, 0.128814, 0.128814])

names.append("RHipRoll")
times.append([1.28, 2.04, 2.88, 3.68, 4.2, 4.72, 5.24, 5.68, 6.04, 6.44, 6.8, 7.16, 7.56, 8, 8.4, 8.8])
keys.append([-0.0981341, -0.0981341, -0.0981341, -0.0981341, -0.0981341, -0.0981341, -0.0981341, -0.0981341, -0.0981341, -0.0981341, -0.0981341, -0.0981341, -0.0981341, -0.0981341, -0.0981341, -0.0981341])

names.append("RHipYawPitch")
times.append([1.28, 2.04, 2.88, 3.68, 4.2, 4.72, 5.24, 5.68, 6.04, 6.44, 6.8, 7.16, 7.56, 8, 8.4, 8.8])
keys.append([-0.171766, -0.171766, -0.171766, -0.171766, -0.171766, -0.171766, -0.171766, -0.171766, -0.171766, -0.171766, -0.171766, -0.171766, -0.171766, -0.171766, -0.171766, -0.171766])

names.append("RKneePitch")
times.append([1.28, 2.04, 2.88, 3.68, 4.2, 4.72, 5.24, 5.68, 6.04, 6.44, 6.8, 7.16, 7.56, 8, 8.4, 8.8])
keys.append([-0.0904641, -0.0904641, -0.0904641, -0.0904641, -0.0904641, -0.0904641, -0.0904641, -0.0904641, -0.0904641, -0.0904641, -0.0904641, -0.0904641, -0.0904641, -0.0904641, -0.0904641, -0.0904641])

names.append("RShoulderPitch")
times.append([1.28, 2.04, 2.88, 3.68, 4.2, 4.72, 5.24, 5.68, 6.04, 6.44, 6.8, 7.16, 7.56, 8, 8.4, 8.8])
keys.append([0.388144, 0.150374, 0.846809, 0.00617791, 1.23645, 0.119694, 1.34076, 0.124296, 1.56779, -0.059784, 1.2748, 0.036858, 0.036858, 1.1981, 0.154976, 0.222472])

names.append("RShoulderRoll")
times.append([1.28, 2.04, 2.88, 3.68, 4.2, 4.72, 5.24, 5.68, 6.04, 6.44, 6.8, 7.16, 7.56, 8, 8.4, 8.8])
keys.append([0.0152981, 0.052114, -0.039926, -0.124296, 0.0475121, 0.0873961, 0.0735901, -0.00310993, 0.144154, 0.032172, 0.0291041, -0.07214, -0.07214, -0.099752, 0.309826, 0.309826])

names.append("RWristYaw")
times.append([1.28, 2.04, 2.88, 3.68, 4.2, 4.72, 5.24, 5.68, 6.04, 6.44, 6.8, 7.16, 7.56, 8, 8.4, 8.8])
keys.append([-0.449504, -1.10145, -0.971065, -0.65506, -1.26252, -1.30087, -1.45734, -1.52177, -1.63835, -1.71505, -1.19656, -1.69972, -1.69972, 0.843657, 1.03387, 1.03387])

