-7.487868539019 1.340620852204 1.865034333536
-7.456312729392 1.435802649421 1.525699025413
-7.424758107370 1.531094925662 1.186434437786
-7.393200470326 1.626616170199 0.847307685190
-7.361624435307 1.722601142829 0.508440486601
-7.329984897907 1.819503440340 0.170043493654
-7.298163999195 1.918176837556 -0.167539365032
-7.265876530322 2.020184124505 -0.503789341889
-7.232472103123 2.128299263911 -0.838015527910
-7.196542088789 2.247273042001 -1.169504708198
-7.155184533243 2.384884568013 -1.498038583422
-7.102740421097 2.553104581023 -1.825184390799
-7.028905372124 2.768663647258 -2.156952186909
-6.916640196650 3.051244356710 -2.508252553820
-6.741690084999 3.416253344432 -2.908163335079
-6.477472478180 3.860085010137 -3.401304314175
-6.108321840564 4.343643971040 -4.036946744920
-5.645311796910 4.792449084488 -4.843628484194
-5.128095203439 5.126889928009 -5.807171448592
-4.605104640322 5.302479581609 -6.876761592692
-4.109057932470 5.323649305028 -7.994550539143
-3.646920312575 5.226994615497 -9.120318737317
-3.202893335230 5.058495425946 -10.237334518560
-2.742666565823 4.861063843147 -11.346508522263
-2.212095824765 4.671507588757 -12.458222792718
-1.530815591744 4.519222933461 -13.584234086434
-0.588262003623 4.418394679218 -14.726610630311
0.739558277276 4.346916151263 -15.859686344607
2.525424563226 4.215542582381 -16.908802430975
4.681708463035 3.859895435625 -17.749931035138
6.907982371214 3.105372830155 -18.261317304294
8.822048482414 1.882254022846 -18.401158396965
10.182767833253 0.269892644977 -18.224809899940
10.969370408736 -1.572194624969 -17.825130209411
11.294208939939 -3.489050744455 -17.272416289694
11.295943328299 -5.361118312058 -16.598356605711
11.089613192486 -7.096640905432 -15.808301938802
10.760207745406 -8.618465308735 -14.898614513620
10.370813241973 -9.859796516955 -13.869711867003
9.969816614468 -10.769285131717 -12.733296912780
9.592698206559 -11.319991734193 -11.514172990682
9.259214045519 -11.515656163343 -10.247969985063
8.968864825183 -11.390248135255 -8.977507734749
8.698193528732 -11.001610274497 -7.750884602953
8.403832041965 -10.423387182385 -6.621726887131
8.035191428425 -9.737867391501 -5.646837880351
7.556571536461 -9.027206864627 -4.874235212318
6.967547389669 -8.359477529413 -4.323118820940
6.304046994662 -7.774222982495 -3.971859314050
5.617164221525 -7.278805799868 -3.768070469679
4.948429652936 -6.858532407950 -3.652796075398
4.319041194426 -6.491244997994 -3.579460866420
3.732928712788 -6.157127651332 -3.519369295417
3.184580233331 -5.842064601014 -3.458317894515
2.665386242689 -5.537245825518 -3.391006293176
2.167068251945 -5.237627434988 -3.316610656635
1.682963271176 -4.940497839497 -3.236119666908
1.208190373799 -4.644474899006 -3.150990347675
0.739376863847 -4.348891253982 -3.062576690191
0.274284034413 -4.053445464344 -2.971947980127
-0.188530125236 -3.758014314239 -2.879878473775
-0.649972381589 -3.462556266382 -2.786898388003
-1.110601450554 -3.167064031714 -2.693356517364
-1.570755473384 -2.871542535723 -2.599475234386
-2.030635785856 -2.575999469337 -2.505392694309
-2.490360462381 -2.280441761187 -2.411192842478
