

names.append("HeadPitch")
times.append([0.6, 1.12, 1.76, 2.48, 3.24, 3.96])
keys.append([0.235763, 0.22876, 0.22876, 0.22876, 0.22876, 0.231707])

names.append("HeadYaw")
times.append([0.6, 1.12, 1.76, 2.48, 3.24, 3.96])
keys.append([0.0161097, 0.0161097, 0.0161097, 0.0161097, 0.0161097, 0.00711242])

names.append("HipPitch")
times.append([0.6, 1.12, 1.76, 2.48, 3.24, 3.96])
keys.append([-0.0219243, -0.0291133, -0.0291133, -0.0291133, -0.0291133, -0.0212983])

names.append("HipRoll")
times.append([0.6, 1.12, 1.76, 2.48, 3.24, 3.96])
keys.append([0.00407732, 0.00407732, 0.00407732, 0.00407732, 0.00407732, 0.0132223])

names.append("KneePitch")
times.append([0.6, 1.12, 1.76, 2.48, 3.24, 3.96])
keys.append([0.0591534, 0.0491441, 0.0591461, 0.0591461, 0.0591461, 0.0551328])

names.append("LElbowRoll")
times.append([0.6, 1.12, 1.76, 2.48, 3.24, 3.96])
keys.append([-1.46516, -1.28317, -1.28571, -1.15069, -1.28571, -1.157])

names.append("LElbowYaw")
times.append([0.6, 1.12, 1.76, 2.48, 3.24, 3.96])
keys.append([-0.747682, -0.0765391, 0.520811, -0.799087, 0.520811, -0.790644])

names.append("LHand")
times.append([0.6, 1.12, 1.76, 2.48, 3.24, 3.96])
keys.append([0.639795, 0.630758, 0.630758, 0.630758, 0.630758, 0.635595])

names.append("LShoulderPitch")
times.append([0.6, 1.12, 1.76, 2.48, 3.24, 3.96])
keys.append([1.65204, 0.156063, -0.169328, 0.338922, -0.169328, 0.333286])

names.append("LShoulderRoll")
times.append([0.6, 1.12, 1.76, 2.48, 3.24, 3.96])
keys.append([0.684202, 0.38339, 0.320879, 0.267505, 0.320879, 0.267783])

names.append("LWristYaw")
times.append([0.6, 1.12, 1.76, 2.48, 3.24, 3.96])
keys.append([0.0431049, 0.0428468, 0.0428468, 0.0428468, 0.0428468, 0.0513478])

names.append("RElbowRoll")
times.append([0.6, 1.12, 1.76, 2.48, 3.24, 3.96])
keys.append([1.53571, 1.49284, 1.42101, 1.44071, 1.42101, 1.43358])

names.append("RElbowYaw")
times.append([0.6, 1.12, 1.76, 2.48, 3.24, 3.96])
keys.append([0.148573, 0.180577, -0.33585, 0.834562, -0.33585, 0.833571])

names.append("RHand")
times.append([0.6, 1.12, 1.76, 2.48, 3.24, 3.96])
keys.append([0.488317, 0.49056, 0.49056, 0.49056, 0.49056, 0.489729])

names.append("RShoulderPitch")
times.append([0.6, 1.12, 1.76, 2.48, 3.24, 3.96])
keys.append([1.17822, 0.253148, -0.0844919, 0.433711, -0.0844919, 0.424053])

names.append("RShoulderRoll")
times.append([0.6, 1.12, 1.76, 2.48, 3.24, 3.96])
keys.append([-0.813451, -0.549243, -0.411488, -0.142079, -0.411488, -0.143693])

names.append("RWristYaw")
times.append([0.6, 1.12, 1.76, 2.48, 3.24, 3.96])
keys.append([-0.609191, 0.186989, 0.179694, 0.185378, 0.179694, 0.185378])

