-9.992984137486 2.956323493145 3.760928325176
-9.414483040796 3.313184374422 3.358584190691
-8.832138927807 3.665580527720 2.956818360933
-8.245743539318 4.012982929809 2.555799410997
-7.654997203612 4.354716148308 2.155728893559
-7.059499681439 4.689929849293 1.756851252798
-6.458737782763 5.017562211618 1.359466300196
-5.852069448598 5.336293328171 0.963945045802
-5.238703950410 5.644486177776 0.570749899342
-4.617677868369 5.940112176049 0.180460534237
-3.987826604643 6.220657676064 -0.206192949294
-3.347751428695 6.483007140734 -0.588287518101
-2.695782533117 6.723298160144 -0.964652855737
-2.029939447657 6.936743258087 -1.333802205264
-1.347891635764 7.117413923018 -1.693845079433
-0.646924498758 7.257984203216 -2.042378450815
0.076080231633 7.349435668800 -2.376353647267
0.824635088499 7.380734358901 -2.691918107513
1.602585752853 7.338506130472 -2.984235433912
2.413964720336 7.206763087857 -3.247295359668
3.262713261656 6.966774311121 -3.473739369435
4.152212546757 6.597231271214 -3.654749924520
5.084558846281 6.074928814465 -3.780082532126
6.059530845350 5.376249602596 -3.838357242394
7.073248881019 4.479761885574 -3.817757634600
8.116639201874 3.370142330460 -3.707284301977
9.174001933565 2.043318533154 -3.498633400960
10.222206917886 0.512124020724 -3.188574429636
11.231195804019 -1.189040515665 -2.781381844970
12.166365200802 -3.002671604601 -2.290534128151
12.992887149141 -4.851719785477 -1.738762848002
13.681163327029 -6.648784819252 -1.155865319797
14.211836886235 -8.309133466366 -0.574510755840
14.578677699750 -9.763707603147 -0.025189959821
14.788437713555 -10.968052367263 0.468111368532
14.858014952328 -11.904919080516 0.890305287627
14.810203496897 -12.580978124324 1.235351066510
14.669480929132 -13.019987047021 1.504694879679
14.458818251508 -13.255145223046 1.704906621574
14.197836256802 -13.322594037589 1.845319153194
13.902140179736 -13.256908039669 1.936142240138
13.583452995655 -13.088561725439 1.987197567153
13.250169037072 -12.842925458655 2.007214570712
12.908048861204 -12.540251388865 2.003542349114
12.560889445070 -12.196194871551 1.982127560941
12.211092119591 -11.822554706457 1.947638336580
11.860106480123 -11.428041470196 1.903651838538
11.508757918591 -11.018975467235 1.852855298275
11.157478542217 -10.599874604541 1.797233550341
10.806463693755 -10.173925812795 1.738231020231
10.455774152778 -9.743350150264 1.676884881140
10.105400319082 -9.309678227733 1.613930733230
9.755300756063 -8.873953674028 1.549884264356
9.405424051140 -8.436880838035 1.485103007974
9.055720226873 -7.998930395161 1.419832208143
8.706145891512 -7.560413833823 1.354238342517
8.356665847331 -7.121535336477 1.288433272989
8.007252855740 -6.682427490723 1.222491412594
7.657886574743 -6.243175593820 1.156461774591
7.308552241635 -5.803834014121 1.090376327481
6.959239397671 -5.364437088583 1.024255720985
6.609940786805 -4.925006305557 0.958113165710
6.260651468090 -4.485554990707 0.891957032663
5.911368133695 -4.046091333109 0.825792576024
5.562088603607 -3.606620319959 0.759623062644
5.212811462040 -3.167144961256 0.693450504727
4.863535802199 -2.727667057437 0.627276130145
4.514261050918 -2.288187675838 0.561100681222
4.164986850476 -1.848707443577 0.494924602598
3.815712980327 -1.409226725854 0.428748158160
3.466439306099 -0.969745733462 0.362571503084
3.117165746860 -0.530264586997 0.296394727794
2.767892254411 -0.090783354847 0.230217884498
2.418618800359 0.348697924549 0.164041003068
2.069345368160 0.788179229773 0.097864100442
1.720071948274 1.227660548997 0.031687186139
1.370798535258 1.667141875743 -0.034489734542
1.021525126037 2.106623206498 -0.100666658677
0.672251718893 2.546104539370 -0.166843584664
0.322978312875 2.985585873351 -0.233020511638
-0.026295092540 3.425067207909 -0.299197439131
-0.375568497633 3.864548542763 -0.365374366897
-0.724841902557 4.304029877769 -0.431551294803
-1.074115307393 4.743511212851 -0.497728222782
-1.423388712183 5.182992547972 -0.563905150798
-1.772662116950 5.622473883112 -0.630082078832
-2.121935521704 6.061955218262 -0.696259006876
-2.471208926453 6.501436553416 -0.762435934924
