# Choregraphe simplified export in Python.
from naoqi import ALProxy
names = list()
times = list()
keys = list()

names.append("HeadPitch")
times.append([0.56, 1.2, 1.52, 2.24, 2.52, 2.8, 3.2, 3.6, 4.44, 4.88, 5.44, 5.76, 6.48, 6.76])
keys.append([0.052114, 0.326377, 0.326377, 0.335904, 0.335904, 0.244346, -0.382227, -0.382227, -0.382227, -0.382227, 0.326377, 0.326377, 0.335904, 0.335904])

names.append("HeadYaw")
times.append([0.56, 1.2, 1.52, 2.24, 2.52, 3.2, 3.6, 4.44, 4.88, 5.44, 5.76, 6.48, 6.76])
keys.append([-0.137881, 0.228638, 0.228638, -0.258309, -0.228638, 0.228638, 0.228638, -0.228638, -0.228638, 0.228638, 0.228638, -0.258309, -0.228638])

names.append("LAnklePitch")
times.append([0.52, 1.6, 2.6, 3.6, 4.68, 5.64, 6.64, 7.64])
keys.append([-0.2102, -0.124296, -0.177985, -0.0735901, -0.177985, -0.124296, -0.177985, -0.0735901])

names.append("LAnkleRoll")
times.append([0.52, 1.6, 3.6, 5.64, 7.64])
keys.append([-0.05058, 0.0445281, -0.16418, 0.0445281, -0.16418])

names.append("LElbowRoll")
times.append([0.56, 1.64, 2.64, 3.64, 4.72, 5.68, 6.68, 7.68])
keys.append([-0.650374, -0.716335, -0.84823, -0.6704, -0.84823, -0.716335, -0.84823, -0.6704])

names.append("LElbowYaw")
times.append([0.56, 1.64, 2.64, 3.64, 4.72, 5.68, 6.68, 7.68])
keys.append([-1.22111, -0.776246, -0.687274, -0.355846, -0.687274, -0.776246, -0.687274, -0.355846])

names.append("LHand")
times.append([0.56, 1.64, 2.64, 3.64, 4.72, 5.68, 6.68, 7.68])
keys.append([0.73, 0.306, 0.37, 0.3048, 0.37, 0.306, 0.37, 0.3048])

names.append("LHipPitch")
times.append([0.52, 1.6, 2.6, 3.6, 4.68, 5.64, 6.64, 7.64])
keys.append([-0.0904641, 0.48398, 0.142704, 0.440216, 0.142704, 0.48398, 0.142704, 0.440216])

names.append("LHipRoll")
times.append([0.52, 1.6, 3.6, 5.64, 7.64])
keys.append([0.0414601, -0.0628521, 0.176367, -0.0628521, 0.176367])

names.append("LHipYawPitch")
times.append([0.52, 1.6, 2.6, 3.6, 4.68, 5.64, 6.64, 7.64])
keys.append([-0.18097, -0.147222, -0.179436, -0.147222, -0.179436, -0.147222, -0.179436, -0.147222])

names.append("LKneePitch")
times.append([0.52, 1.6, 2.6, 3.6, 4.68, 5.64, 6.64, 7.64])
keys.append([0.423342, -0.090548, 0.236194, -0.0904641, 0.236194, -0.090548, 0.236194, -0.0904641])

names.append("LShoulderPitch")
times.append([0.56, 1.64, 2.64, 3.64, 4.72, 5.68, 6.68, 7.68])
keys.append([1.30999, 1.24617, 1.21028, 1.18508, 1.21028, 1.24617, 1.21028, 1.18508])

names.append("LShoulderRoll")
times.append([0.56, 1.64, 2.64, 3.64, 4.72, 5.68, 6.68, 7.68])
keys.append([0.0398422, -0.099752, 0.0349066, -0.0981341, 0.0349066, -0.099752, 0.0349066, -0.0981341])

names.append("LWristYaw")
times.append([0.56, 1.64, 2.64, 3.64, 4.72, 5.68, 6.68, 7.68])
keys.append([0.00302602, 0.546061, 0.11194, -0.161028, 0.11194, 0.546061, 0.11194, -0.161028])

names.append("RAnklePitch")
times.append([0.52, 1.6, 2.6, 3.6, 4.68, 5.64, 6.64, 7.64])
keys.append([-0.128814, -0.0735901, -0.115008, -0.124296, -0.115008, -0.0735901, -0.115008, -0.124296])

names.append("RAnkleRoll")
times.append([0.52, 1.6, 3.6, 5.64, 7.64])
keys.append([0.128898, 0.16418, -0.0445281, 0.16418, -0.0445281])

names.append("RElbowRoll")
times.append([0.48, 1.56, 2.56, 3.56, 4.64, 5.6, 6.6, 7.6])
keys.append([0.54001, 0.6704, 0.84823, 0.716335, 0.84823, 0.6704, 0.84823, 0.716335])

names.append("RElbowYaw")
times.append([0.48, 1.56, 2.56, 3.56, 4.64, 5.6, 6.6, 7.6])
keys.append([1.03234, 0.355846, 0.667248, 0.776246, 0.667248, 0.355846, 0.667248, 0.776246])

names.append("RHand")
times.append([0.48, 1.56, 2.56, 3.56, 4.64, 5.6, 6.6, 7.6])
keys.append([0.73, 0.3048, 0.37, 0.306, 0.37, 0.3048, 0.37, 0.306])

names.append("RHipPitch")
times.append([0.52, 1.6, 2.6, 3.6, 4.68, 5.64, 6.64, 7.64])
keys.append([-0.0828778, 0.440216, 0.200912, 0.48398, 0.200912, 0.440216, 0.200912, 0.48398])

names.append("RHipRoll")
times.append([0.52, 1.6, 3.6, 5.64, 7.64])
keys.append([-0.107338, -0.176367, 0.0628521, -0.176367, 0.0628521])

names.append("RHipYawPitch")
times.append([0.52, 1.6, 2.6, 3.6, 4.68, 5.64, 6.64, 7.64])
keys.append([-0.18097, -0.147222, -0.179436, -0.147222, -0.179436, -0.147222, -0.179436, -0.147222])

names.append("RKneePitch")
times.append([0.52, 1.6, 2.6, 3.6, 4.68, 5.64, 6.64, 7.64])
keys.append([0.325249, -0.0904641, 0.108956, -0.090548, 0.108956, -0.0904641, 0.108956, -0.090548])

names.append("RShoulderPitch")
times.append([0.48, 1.56, 2.56, 3.56, 4.64, 5.6, 6.6, 7.6])
keys.append([1.19043, 1.24617, 1.24718, 1.18508, 1.24718, 1.24617, 1.24718, 1.18508])

names.append("RShoulderRoll")
times.append([0.48, 1.56, 2.56, 3.56, 4.64, 5.6, 6.6, 7.6])
keys.append([0.032172, 0.0981341, -0.0349066, 0.099752, -0.0349066, 0.0981341, -0.0349066, 0.099752])

names.append("RWristYaw")
times.append([0.48, 1.56, 2.56, 3.56, 4.64, 5.6, 6.6, 7.6])
keys.append([0.277612, 0.161028, -0.0506639, -0.546061, -0.0506639, 0.161028, -0.0506639, -0.546061])

try:
  # uncomment the following line and modify the IP if you use this script outside Choregraphe.
  # motion = ALProxy("ALMotion", IP, 9559)
  motion = ALProxy("ALMotion")
  motion.angleInterpolation(names, keys, times, True)
except BaseException, err:
  print err
