-8.50700,4.08355,2.69524
-8.36338,4.31334,2.59949
-8.46870,3.99738,2.47502
-8.34423,3.40376,2.60907
-8.04742,3.14524,2.86758
-7.82720,3.62397,3.13567
-7.71231,4.38994,3.23141
-7.58784,4.74419,3.36546
-7.64529,4.34206,3.35588
-7.77933,3.53780,3.34631
-7.65486,2.88673,3.48993
-7.33890,2.63779,3.53780
-7.37720,2.47502,3.96866
-7.58784,2.39843,4.59100
-7.25273,2.46545,5.09845
-7.04209,2.60907,4.84952
-7.09954,2.49417,4.55270
-7.62614,2.13034,4.39951
-7.78890,1.83353,4.53355
-7.53039,2.13991,4.44738
-7.38677,3.03035,4.37079
-7.47294,3.71972,4.55270
-7.75061,3.75801,4.78249
-7.91337,3.47078,4.58143
-7.76976,3.35588,3.96866
-7.63571,3.26971,3.93993
-7.55912,3.01120,4.20802
-7.49209,2.60907,4.37079
-7.48252,2.52290,4.01653
-7.63571,3.11652,3.37503
-7.90380,3.68142,3.26971
-7.86550,3.86334,3.30801
-7.79848,3.79631,2.95375
-7.82720,3.77716,2.18779
-8.07614,3.78674,1.71863
-7.98997,4.05483,1.27820
-7.99955,4.67717,0.65586
-8.09529,4.74419,0.62713
-7.82720,4.59100,0.75160
-7.66444,4.62930,0.37820
-7.80805,4.56228,0.22500
-7.75061,4.16015,0.30160
-7.64529,3.79631,0.11011
-7.90380,3.76759,-0.39734
-8.21019,3.58567,-0.42607
-7.94210,3.25056,-0.30160
-7.79848,3.19312,-0.30160
-7.94210,3.37503,-0.34947
-8.15274,3.54737,-0.06223
-8.17189,3.37503,0.37820
-8.00912,2.94418,0.66543
-7.97082,2.64737,0.30160
-8.60274,2.70481,-0.56969
-8.65062,2.19736,-0.11011
-8.74636,1.40267,0.56011
-8.72721,1.13459,0.43564
-9.16764,1.36437,-0.11011
-9.42615,1.03884,-0.04309
-9.29211,0.23458,0.46437
-9.20594,-0.25373,0.51200
-9.28254,-0.37820,0.22500
-9.58892,-0.87607,0.50266
-9.49318,-1.68034,1.05799
-9.06232,-2.12077,0.82820
-8.99530,-1.93885,0.25373
-9.36871,-1.78566,0.22500
-9.39743,-1.99630,0.56011
-9.08147,-2.15906,0.56011
-8.88040,-2.06332,-0.11011
-9.00487,-1.60374,-0.81862
-9.23466,-1.33565,-1.37395
-9.67509,-1.94842,-1.70906
-9.23466,-3.25056,-1.80480
-8.60274,-3.89206,-2.15906
-8.82296,-3.69099,-2.23566
-9.23466,-3.15482,-1.89098
-9.26339,-2.62822,-1.94842
-8.95700,-3.31759,-1.82395
-8.34423,-4.54313,-2.12077
-8.69849,-5.14633,-3.14524
-9.13892,-5.48144,-3.40376
-8.60274,-5.51016,-3.37503
-7.66444,-5.59633,-3.15482
-7.31975,-6.01761,-2.80056
-7.86550,-6.61123,-2.50375
-7.62614,-7.18571,-2.48460
-7.04209,-6.84102,-3.26971
-7.08996,-6.40059,-3.69099
-6.87932,-7.22401,-3.02077
-6.05591,-8.15274,-2.11119
-5.59633,-7.76018,-2.06332
-5.58676,-6.77400,-2.82928
-5.77825,-7.54954,-3.02077
-4.50483,-8.43040,-3.14524
-4.44738,-9.40700,-2.13991
-3.48035,-9.16764,-1.44097
-3.90163,-8.71764,-2.18779
-4.88781,-9.57935,-3.06865
-4.15057,-11.05383,-3.30801
-3.34631,-11.03468,-2.64737
-3.35588,-10.16340,-1.73778
-4.44738,-9.06232,-1.50799
-4.87824,-8.78466,-2.07289
-3.69099,-10.12510,-2.32183
-2.23566,-11.45596,-2.11119
-3.18354,-11.74320,-1.42182
-3.99738,-11.13043,-1.59416
-3.60482,-10.78574,-1.19203
-2.28353,-10.72829,-0.77075
-2.75269,-11.00596,-0.21543
-2.44630,-12.00171,-0.39734
-2.05374,-12.11661,-0.19628
-2.13034,-11.17830,0.16755
-2.42715,-10.25914,0.20585
-2.36013,-10.62297,0.94309
-1.32608,-11.73362,1.82395
-0.97182,-11.63788,2.15906
-1.00054,-10.53680,1.68991
-1.63246,-9.83786,2.24523
-1.45055,-10.24957,3.48035
-0.81862,-10.84319,3.84419
-1.33565,-10.61340,3.39418
-1.37395,-9.67509,3.90163
-1.53672,-8.67934,4.09312
-1.56544,-8.34423,4.63887
-1.04841,-9.21551,5.44314
-0.96224,-10.29744,5.19420
-1.35480,-9.66552,4.30377
-2.35055,-8.08572,5.03143
-2.20694,-7.28145,5.88357
-1.28778,-7.58784,6.88890
-0.46437,-7.59741,7.08996
-0.81862,-6.57294,6.70698
-1.13459,-5.77825,6.52506
-1.40267,-5.94102,6.17080
-1.01012,-5.42399,7.98040
0.19628,-2.39843,8.68891
-0.80905,0.42607,9.32083
-3.39418,1.95800,8.56444
-4.79207,0.34947,7.54954
-4.03568,-2.37928,6.99422
-2.79098,-3.27929,6.95592
-1.88140,-2.30268,7.55912
-2.45587,-1.05799,7.56869
-3.08780,0.15798,7.68358
-3.09737,1.95800,7.96125
-3.56652,2.71439,8.66019
-3.58567,2.13034,8.30593
-5.26122,3.84419,6.47719
-5.02186,4.01653,6.65911
-4.94526,4.03568,6.46762
-5.10803,3.95908,6.32400
-5.18462,3.81546,6.27612
-4.90696,3.60482,6.48677
-5.60590,3.76759,6.43889
-5.57718,3.78674,6.35272
-5.71123,3.70057,6.33357
-5.76867,3.42291,6.39102
-5.59633,3.02077,6.41017
-5.66335,2.96333,6.32400
-5.87399,3.40376,6.46762
-5.70165,3.68142,6.65911
-5.57718,3.36546,6.76443
-5.60590,2.90588,6.49634
-5.75910,2.73354,6.17080
-5.88357,2.77184,6.25697
-5.85484,2.98248,6.66868
-5.61548,3.20269,6.74528
-5.72080,3.31759,6.70698
-6.02719,3.42291,6.41974
-5.99846,3.06865,6.45804
-5.78782,2.66651,6.39102
-5.88357,2.50375,6.22825
-5.91229,2.52290,6.28570
-5.73037,2.75269,6.39102
-5.79740,3.09737,6.55379
-5.82612,3.15482,6.62081
-5.87399,3.02077,6.52506
-5.85484,2.82928,6.44847
-5.56761,2.70481,6.56336
-5.66335,2.77184,6.71655
-5.75910,2.79098,6.58251
-5.77825,2.80056,6.47719
-5.81655,2.87716,6.42932
-5.71123,2.99205,6.41974
-5.73037,3.07822,6.51549
-5.74952,3.08780,6.59208
-5.82612,2.88673,6.69740
-5.68250,2.77184,6.45804
-5.74952,2.81971,6.34315
-5.75910,2.75269,6.64953
-5.56761,2.86758,6.62081
-5.73995,3.01120,6.34315
-5.96974,2.82928,6.33357
-6.04633,2.60907,6.54421
-5.89314,2.63779,6.48677
-5.67293,2.87716,6.51549
-5.66335,3.01120,6.70698
-5.83570,2.93460,6.74528
-5.91229,2.76226,6.41974
-5.76867,2.49417,6.38144
-5.66335,2.63779,6.55379
-5.66335,3.02077,6.70698
-5.69208,3.13567,6.67826
-5.59633,2.87716,6.58251
-5.81655,2.79098,6.46762
-6.02719,2.86758,6.28570
-5.80697,2.79098,6.50591
-5.54846,2.82928,6.68783
-5.79740,2.85801,6.58251
-5.86442,2.63779,6.39102
-5.88357,2.47502,6.36230
-5.97931,2.57077,6.29527
-6.00804,2.57077,6.36230
-5.86442,2.49417,6.50591
-5.81655,2.64737,6.51549
-5.91229,2.80056,6.46762
-5.80697,2.68566,6.56336
