-6.15165,4.70590,4.73462
-6.06548,4.81122,4.63887
-6.10378,4.75377,4.58143
-5.98889,4.71547,4.57185
-6.01761,4.71547,4.44738
-6.18995,4.53355,4.47611
-6.11336,4.60058,4.76334
-6.09421,4.68675,4.69632
-6.11336,4.67717,4.47611
-6.07506,4.48568,4.44738
-6.16123,4.30377,4.68675
-6.32400,4.28462,4.85909
-6.32400,4.34206,4.78249
-6.34315,4.43781,4.68675
-6.22825,4.29419,4.64845
-6.40059,4.24632,4.60058
-6.51549,4.25589,4.68675
-6.44847,4.23674,4.85909
-6.40059,4.19845,4.72505
-6.38144,4.28462,4.45696
-6.34315,4.28462,4.16972
-6.51549,4.26547,4.02610
-6.39102,4.30377,3.88248
-6.18995,3.92078,3.92078
-6.18995,4.03568,3.66227
-6.06548,3.76759,3.34631
-6.19953,3.65269,3.32716
-6.27612,3.80589,2.87716
-6.21868,3.97823,2.18779
-6.12293,3.93036,1.87183
-5.95059,4.13142,1.28778
-6.09421,3.31759,0.76118
-6.52506,2.91545,0.54096
-6.84102,2.58992,0.17713
-6.54421,2.50375,-0.47394
-6.22825,2.42715,-0.64628
-6.00804,2.26438,-0.49309
-6.63996,1.63246,-0.90480
-7.46337,0.37820,-1.42182
-7.11869,-0.20585,-2.08247
-7.50167,-1.29735,-2.89630
-8.03784,-1.90055,-2.90588
-8.25806,-1.45055,-2.87716
-8.16231,-1.77608,-3.64312
-8.40168,-3.41333,-4.96441
-8.66019,-5.12718,-5.98889
-8.31551,-5.32824,-6.86975
-7.75061,-5.42399,-7.76018
-7.03251,-5.32824,-8.86126
-6.51549,-5.16548,-10.17297
-5.80697,-5.67293,-11.43681
-5.15590,-6.50591,-13.17938
-4.17930,-6.81230,-14.96983
-3.70057,-7.44422,-14.60599
-3.37503,-6.21868,-15.61132
-2.71439,-5.12718,-17.48793
-2.38885,-4.19845,-19.56562
-1.16331,-4.50483,-19.60391
-0.64628,-6.34315,-19.60391
-0.82820,-4.88781,-19.60391
1.23033,-2.82928,-19.60391
1.13459,0.23458,-19.60391
2.72396,1.51757,-19.60391
8.37295,-2.95375,-19.60391
9.90488,-6.39102,-19.60391
12.88257,-7.03251,-19.39327
15.75494,-13.05491,-16.77942
16.47303,-15.38153,-19.49859
17.88049,-16.45388,-17.58368
13.24640,-9.07190,-7.75061
12.15490,-6.52506,-3.95908
10.23042,-11.36022,-3.62397
8.14316,-9.41658,-5.73995
6.23783,-5.52931,-4.71547
5.60590,-3.93036,-4.63887
5.30909,-6.05591,-3.26014
5.28037,-7.29103,-1.43140
5.72080,-5.96016,0.67501
5.37612,-5.39526,1.43140
4.05483,-6.06548,1.34523
2.13034,-7.52082,1.14416
0.56969,-8.88998,0.99097
-0.09096,-8.75594,1.39310
0.07181,-8.17189,1.51757
0.24415,-7.35805,1.13459
-0.63671,-7.08039,0.31117
-1.82395,-7.88465,-0.67501
-2.30268,-8.37295,-0.95267
-2.28353,-7.98997,-0.54096
-2.27396,-7.51124,-0.61756
-2.47502,-8.13359,-0.80905
-2.94418,-8.16231,-1.82395
-3.18354,-8.48785,-2.58992
-3.22184,-8.71764,-3.12609
-3.10694,-8.30593,-2.94418
-3.22184,-8.33465,-2.88673
-3.68142,-8.95700,-3.47078
-3.74844,-8.87083,-3.78674
-3.42291,-8.21976,-3.52823
-3.26014,-7.60699,-3.27929
-3.38461,-7.61656,-3.41333
-3.48035,-7.86550,-3.71014
-3.60482,-8.06657,-3.96866
-3.58567,-7.86550,-4.15057
-3.53780,-7.99955,-4.16972
-3.45163,-8.43998,-4.22717
-3.49950,-8.64104,-4.40909
-3.69099,-8.77508,-4.70590
-3.81546,-8.78466,-4.82079
-3.77716,-8.43998,-4.86866
-3.81546,-8.30593,-4.79207
-3.55695,-8.20061,-4.73462
-3.41333,-8.24848,-4.67717
-3.46120,-8.24848,-4.62930
-3.46120,-8.35380,-4.56228
-3.47078,-8.37295,-4.39951
-3.44205,-8.21019,-4.33249
-3.41333,-8.11444,-4.36121
-3.39418,-7.98997,-4.13142
-3.21226,-7.87508,-4.06440
-3.17397,-7.91337,-4.38994
-3.27929,-7.84635,-4.45696
-3.40376,-7.63571,-4.31334
-3.34631,-7.94210,-4.10270
-3.20269,-8.25806,-4.02610
-3.27929,-8.30593,-4.06440
-3.07822,-8.37295,-4.07398
-3.00162,-8.55487,-4.00695
-2.98248,-8.55487,-3.98780
-2.86758,-8.54529,-4.04525
-2.87716,-8.56444,-4.07398
-2.91545,-8.50700,-4.09312
-3.01120,-8.54529,-4.08355
-3.27929,-8.24848,-4.12185
-3.03035,-7.90380,-4.06440
-2.82928,-7.78890,-4.09312
-3.04950,-7.92295,-4.22717
-3.14524,-8.06657,-4.12185
-3.03035,-8.00912,-3.99738
-2.93460,-8.09529,-3.98780
-2.95375,-8.12401,-4.19845
-2.85801,-8.16231,-4.22717
-2.83886,-8.14316,-4.25589
-2.96333,-8.41125,-4.38994
-3.03992,-8.58359,-4.39951
-2.97290,-8.46870,-4.41866
-2.90588,-8.34423,-4.38994
-2.93460,-8.21976,-4.50483
-3.00162,-8.29636,-4.57185
-3.01120,-8.50700,-4.59100
-2.84843,-8.40168,-4.44738
-2.73354,-8.01869,-4.38036
-2.87716,-8.02827,-4.32291
-3.04950,-8.20061,-4.49526
-3.04950,-8.51657,-4.60058
-2.95375,-8.28678,-4.56228
-2.90588,-7.98997,-4.38036
-2.90588,-8.05699,-4.44738
-2.95375,-8.13359,-4.57185
-2.82928,-8.09529,-4.66760
-2.88673,-8.18146,-4.65802
-2.96333,-8.27721,-4.55270
-3.01120,-8.33465,-4.51441
-2.96333,-8.23891,-4.49526
-2.89630,-8.02827,-4.49526
-2.81971,-7.99955,-4.33249
-2.95375,-8.09529,-4.35164
-2.99205,-8.24848,-4.55270
-3.00162,-8.24848,-4.67717
-2.98248,-8.15274,-4.61972
-3.03992,-7.95167,-4.46653
-2.99205,-7.90380,-4.34206
-2.85801,-7.84635,-4.32291
-2.77184,-7.98997,-4.37079
-2.74311,-7.96125,-4.39951
-2.82928,-8.03784,-4.46653
-2.95375,-8.15274,-4.53355
-2.90588,-8.17189,-4.37079
-2.84843,-7.91337,-4.41866
-2.84843,-7.93252,-4.46653
-2.79098,-7.96125,-4.38994
-2.76226,-7.89422,-4.25589
-2.73354,-8.04742,-4.22717
-2.69524,-8.24848,-4.28462
-2.60907,-8.29636,-4.52398
-2.61864,-8.27721,-4.46653
-2.51332,-8.40168,-4.44738
-2.69524,-8.59317,-4.46653
-2.76226,-8.51657,-4.46653
-2.79098,-8.34423,-4.57185
-2.63779,-8.35380,-4.70590
-2.58992,-8.28678,-4.60058
-2.66651,-8.29636,-4.52398
-2.71439,-8.39210,-4.64845
-2.75269,-8.46870,-4.74419
-2.75269,-8.45913,-4.80164
-2.75269,-8.37295,-4.75377
-2.79098,-8.25806,-4.72505
-2.84843,-8.24848,-4.75377
-2.75269,-8.13359,-4.48568
-2.58992,-8.04742,-4.38994
-2.74311,-8.14316,-4.77292
-2.81971,-8.16231,-4.83037
-2.67609,-7.99955,-4.65802
-2.72396,-7.88465,-4.54313
-2.72396,-8.00912,-4.50483
-2.66651,-8.04742,-4.56228
-2.69524,-8.08572,-4.67717
-2.65694,-8.14316,-4.63887
-2.69524,-8.07614,-4.62930
-2.83886,-8.01869,-4.64845
-2.69524,-7.89422,-4.54313
-2.60907,-7.98040,-4.56228
-2.65694,-8.01869,-4.62930
-2.69524,-8.13359,-4.68675
-2.81013,-8.24848,-4.62930
-2.71439,-8.14316,-4.61972
-2.68566,-8.00912,-4.61015
-2.72396,-8.07614,-4.57185
-2.62822,-8.10487,-4.55270
-2.58034,-8.06657,-4.60058
-2.60907,-8.06657,-4.58143
-2.75269,-8.09529,-4.58143
-2.73354,-8.24848,-4.65802
-2.74311,-8.14316,-4.71547
-2.66651,-8.03784,-4.70590
-2.76226,-8.13359,-4.72505
-2.70481,-8.10487,-4.61972
-2.64737,-8.15274,-4.67717
-2.76226,-8.30593,-4.80164
