-7.15698,0.78033,5.44314
-7.23358,0.76118,5.39526
-7.23358,0.77075,5.27080
-7.27188,0.81862,5.37612
-7.25273,0.82820,5.41441
-7.25273,0.65586,5.35697
-7.26230,0.58884,5.34739
-7.27188,0.78990,5.36654
-7.33890,0.85692,5.28037
-7.39635,0.71330,5.34739
-7.45380,0.57926,5.38569
-7.44422,0.52181,5.38569
-7.37720,0.68458,5.35697
-7.41550,0.78990,5.25165
-7.44422,0.66543,5.12718
-7.43465,0.68458,5.19420
-7.41550,0.67501,5.19420
-7.38677,0.58884,5.15590
-7.31975,0.57926,5.18462
-7.33890,0.66543,5.06973
-7.32933,0.76118,5.00271
-7.31975,0.81862,4.92611
-7.35805,0.77075,4.89739
-7.31975,0.88565,4.82079
-7.35805,0.76118,4.75377
-7.31975,0.68458,4.74419
-7.39635,0.81862,4.67717
-7.42507,0.79948,4.70590
-7.31975,0.86650,4.70590
-7.27188,0.77075,4.67717
-7.32933,0.70373,4.52398
-7.49209,0.67501,4.44738
-7.56869,0.77075,4.49526
-7.50167,0.65586,4.51441
-7.54954,0.40692,4.49526
-7.44422,0.47394,4.51441
-7.56869,0.33032,4.45696
-7.65486,0.17713,4.42823
-7.71231,0.11011,4.42823
-7.85593,-0.06223,4.37079
-7.76976,-0.24415,4.28462
-7.75061,-0.25373,4.30377
-7.79848,-0.22500,4.23674
-7.68358,-0.22500,4.17930
-7.63571,-0.17713,4.09312
-7.64529,-0.09096,3.78674
-7.53997,-0.17713,3.63355
-7.37720,-0.08138,3.34631
-7.24315,-0.01436,2.85801
-7.35805,0.02394,2.19736
-7.38677,0.16755,1.49842
-7.48252,0.47394,0.78033
-7.73146,0.57926,-0.04309
-7.90380,0.47394,-0.81862
-7.95167,0.51224,-1.90055
-8.54529,0.20585,-3.06865
-9.15807,0.69416,-4.15057
-9.33998,1.76651,-5.17505
-8.71764,2.28353,-6.03676
-8.72721,1.83353,-7.46337
-9.03360,-0.18670,-9.15807
-9.24424,-0.24415,-10.66127
-8.98573,1.09629,-11.68575
-8.46870,2.16864,-12.72938
-7.54954,2.49417,-13.78258
-7.19528,1.17288,-16.19537
-6.28570,0.33990,-18.77093
-5.48144,1.52714,-19.60391
-3.64312,2.68566,-19.60391
-1.58459,3.15482,-19.60391
0.34947,5.19420,-19.60391
2.97290,7.10911,-19.60391
5.43356,4.88781,-19.60391
6.26655,3.39418,-19.60391
8.53572,7.00379,-19.60391
14.88365,10.40276,-19.60391
19.59434,5.06016,-19.60391
19.59434,-6.85060,-19.60391
18.41667,-15.16132,-19.60391
16.21452,-13.17938,-15.91771
16.64537,-11.47511,-11.45596
13.25598,-17.20070,-6.80273
8.96658,-13.03576,-5.41441
6.81230,-4.89739,-5.88357
5.51016,-4.34206,-5.75910
5.29952,-3.11652,-7.23358
5.90272,-6.32400,-7.56869
5.82612,-8.08572,-5.96974
4.81122,-8.19104,-4.86866
4.64845,-8.78466,-4.76334
3.48993,-10.29744,-5.48144
2.53247,-11.69533,-4.90696
2.19736,-11.41766,-4.13142
1.85268,-10.63255,-3.64312
1.55587,-9.55062,-3.97823
1.10586,-8.49742,-4.61972
0.85692,-7.84635,-5.19420
0.88565,-7.65486,-5.58676
0.47394,-7.41550,-5.86442
0.28245,-6.86975,-5.85484
0.16755,-7.35805,-5.95059
-0.22500,-7.17613,-6.02719
-0.36862,-6.73570,-6.17080
-0.25373,-6.62081,-6.43889
-0.58884,-6.62081,-6.70698
-0.99097,-6.62081,-7.09954
-1.16331,-6.66868,-7.20486
-1.16331,-6.03676,-7.31975
-1.10586,-5.64420,-7.44422
-1.07714,-5.59633,-7.58784
-1.27820,-5.78782,-8.02827
-1.42182,-5.40484,-8.56444
-1.37395,-5.21335,-8.43998
-1.41225,-5.09845,-8.53572
-1.51757,-5.37612,-8.53572
-1.61331,-5.39526,-8.47827
-1.67076,-5.39526,-8.57402
-1.55587,-5.59633,-8.57402
-1.39310,-5.38569,-8.25806
-1.34523,-5.69208,-8.33465
-1.36437,-5.76867,-8.39210
-1.23033,-5.83570,-8.29636
-1.08671,-5.73995,-8.17189
-1.12501,-5.75910,-7.90380
-1.32608,-6.08463,-7.96125
-1.40267,-6.28570,-7.80805
-1.30693,-6.07506,-8.00912
-1.20161,-6.20910,-8.21976
-1.16331,-6.18995,-8.26763
-1.11544,-6.25697,-8.21976
-1.13459,-6.21868,-8.20061
-1.20161,-5.87399,-8.19104
-1.12501,-5.71123,-8.07614
-1.07714,-5.81655,-8.13359
-1.06756,-6.02719,-8.26763
-1.01969,-6.20910,-8.18146
-1.01969,-6.11336,-8.15274
-0.88565,-5.80697,-8.02827
-0.91437,-5.74952,-7.98997
-1.03884,-5.81655,-7.93252
-1.06756,-5.88357,-7.76976
-0.99097,-5.84527,-7.67401
-0.96224,-5.92187,-7.83678
-1.01012,-5.86442,-8.01869
-1.07714,-5.91229,-8.03784
-1.06756,-6.03676,-7.96125
-0.94309,-5.89314,-7.84635
-0.90480,-5.78782,-7.83678
-0.99097,-5.96016,-8.02827
-1.00054,-6.11336,-8.02827
-1.03884,-6.15165,-7.94210
-1.04841,-5.98889,-7.92295
-0.96224,-5.74952,-7.80805
-0.86650,-5.80697,-7.66444
-0.83777,-5.90272,-7.63571
-0.81862,-6.18995,-7.72188
-0.72288,-5.97931,-7.92295
-0.75160,-5.90272,-8.00912
-0.80905,-5.99846,-7.96125
-0.82820,-6.09421,-7.84635
-0.81862,-6.35272,-7.70273
-0.86650,-6.36230,-7.76976
-0.78990,-6.06548,-7.97082
-0.73245,-6.07506,-7.96125
-0.82820,-6.23783,-7.90380
-0.81862,-6.30485,-7.87508
-0.83777,-6.37187,-7.86550
-0.83777,-6.26655,-7.98997
-0.78033,-6.05591,-7.89422
-0.83777,-6.02719,-7.88465
-0.87607,-6.28570,-7.90380
-0.84735,-6.10378,-7.94210
-0.84735,-5.97931,-7.84635
-0.65586,-5.90272,-7.97082
-0.72288,-6.07506,-7.93252
-0.87607,-6.27612,-7.85593
-0.85692,-6.14208,-7.72188
-0.78033,-5.91229,-7.62614
-0.71330,-5.71123,-7.74103
-0.76118,-5.74952,-8.00912
-0.93352,-6.06548,-8.04742
-0.94309,-6.03676,-7.98997
-0.90480,-6.01761,-7.81763
-0.82820,-5.82612,-7.87508
-0.87607,-5.98889,-8.12401
-0.97182,-6.09421,-8.18146
-0.92395,-6.04633,-7.85593
-0.79948,-5.96974,-7.71231
