-8.93785,-0.64628,1.36437
-9.06232,-0.57926,1.29735
-9.14849,-0.39734,1.17288
-9.07190,-0.42607,1.07714
-8.99530,-0.56011,1.07714
-8.98573,-0.66543,1.16331
-9.07190,-0.68458,1.20161
-9.10062,-0.68458,1.15373
-9.11019,-0.70373,1.15373
-9.01445,-0.74203,1.23991
-8.81338,-0.75160,1.33565
-8.71764,-0.68458,1.39310
-8.70806,-0.64628,1.46012
-8.58359,-0.57926,1.36437
-8.93785,-0.92395,1.15373
-9.30169,-0.84735,1.01012
-9.29211,0.01436,1.06756
-9.03360,0.27287,1.65161
-8.41125,0.19628,1.80480
-8.47827,0.26330,1.47927
-8.89955,0.34947,1.01012
-9.13892,0.27287,0.83777
-9.09104,0.12926,0.92395
-8.97615,0.15798,0.97182
-9.07190,0.28245,0.86650
-9.32083,0.26330,0.65586
-9.48360,0.12926,0.45479
-9.56977,0.02394,0.32075
-9.48360,-0.06223,0.56011
-9.31126,-0.02394,0.86650
-9.26339,-0.11968,1.07714
-9.12934,-0.17713,1.21118
-8.88998,-0.16755,1.34523
-8.76551,-0.31117,1.47927
-8.79423,-0.56011,1.72821
-8.81338,-0.23458,1.69948
-8.88040,0.42607,1.58459
-9.21551,-0.19628,1.48884
-9.38786,-1.94842,1.63246
-9.28254,-2.04417,1.99630
-9.33998,-0.72288,2.39843
-9.10062,0.45479,3.02077
-8.69849,0.41649,3.50908
-8.47827,-0.47394,3.42291
-8.31551,-0.67501,3.11652
-8.31551,0.14841,2.80056
-8.31551,0.53139,3.23141
-7.90380,0.77075,3.31759
-7.76018,1.34523,2.61864
-8.07614,1.82395,1.53672
-8.33465,2.24523,0.52181
-8.64104,3.15482,0.33990
-8.66976,4.34206,0.23458
-8.16231,4.87824,0.56011
-7.64529,4.82079,1.23991
-7.44422,4.59100,1.74736
-7.38677,4.71547,0.58884
-8.37295,5.76867,-1.60374
-9.82829,7.02294,-3.57610
-10.73787,6.71655,-3.97823
-9.85701,4.68675,-2.66651
-7.77933,3.75801,-2.79098
-6.75485,3.73887,-4.39951
-8.05699,4.43781,-5.55803
-9.93361,5.51973,-5.02186
-9.96233,6.23783,-4.44738
-8.21976,6.79315,-4.99313
-7.03251,7.47294,-5.86442
-6.91762,8.35380,-7.72188
-7.24315,9.22509,-10.93894
-7.46337,9.24424,-12.63363
-6.48677,7.82720,-11.62830
-4.19845,8.88998,-11.50384
-2.19736,11.61873,-14.20386
-1.08671,13.39960,-16.95176
0.34947,13.50492,-19.12518
2.65694,12.85385,-19.60391
4.26547,13.39960,-19.34540
4.88781,15.17089,-18.92412
6.37187,18.26347,-19.60391
-0.39734,-7.07081,-8.99530
5.65378,-17.45921,-4.96441
14.42408,-19.59434,-8.57402
13.57194,-17.45921,-14.56769
16.09962,-8.30593,-14.94110
15.77409,-5.96974,-16.53048
10.12510,-10.91021,-15.78366
7.95167,-14.60599,-11.14000
6.70698,-13.78258,-9.87616
4.26547,-10.72829,-8.75594
3.32716,-9.33041,-10.38361
4.28462,-10.30701,-11.45596
4.80164,-7.96125,-11.89639
5.40484,-4.12185,-11.96341
5.31867,-2.95375,-10.69957
3.50908,-4.60058,-9.56020
3.14524,-5.36654,-10.03893
3.98780,-4.25589,-9.44530
5.16548,-4.42823,-8.73679
4.77292,-5.44314,-9.33998
4.17930,-4.66760,-8.88040
4.46653,-2.56120,-8.40168
4.21759,-2.39843,-9.18679
4.09312,-3.87291,-10.16340
3.66227,-3.08780,-10.25914
3.42291,-2.03459,-9.51233
3.08780,-2.41758,-9.36871
3.68142,-4.05483,-9.12934
4.27504,-3.89206,-9.49318
4.61015,-2.80056,-9.91446
4.50483,-2.27396,-10.04850
3.93993,-2.14949,-9.69424
3.47078,-2.39843,-9.66552
3.32716,-2.43673,-9.63679
3.92078,-1.68034,-9.39743
4.07398,-0.32075,-9.72297
4.32291,-0.79948,-9.27296
4.12185,-2.44630,-9.59850
3.78674,-2.78141,-9.54105
3.93993,-1.55587,-9.03360
3.86334,-0.77075,-8.86126
3.62397,-1.62289,-9.00487
3.66227,-2.88673,-9.37828
3.71972,-2.68566,-9.32083
3.74844,-1.86225,-9.09104
3.73887,-2.23566,-9.36871
3.61440,-2.69524,-9.42615
3.71014,-2.74311,-8.93785
3.82504,-2.56120,-8.67934
3.61440,-2.34098,-8.73679
3.55695,-2.85801,-9.61765
3.68142,-2.92503,-9.64637
3.89206,-2.56120,-8.81338
3.56652,-2.21651,-8.45913
3.03992,-2.84843,-9.10062
3.12609,-4.04525,-9.67509
3.57610,-3.85376,-9.51233
3.92078,-2.69524,-9.20594
4.19845,-2.40800,-9.27296
4.04525,-2.77184,-9.37828
3.60482,-2.55162,-9.33998
3.49950,-2.07289,-9.10062
3.41333,-1.90055,-9.20594
3.64312,-2.75269,-9.06232
3.76759,-3.30801,-9.01445
3.77716,-2.90588,-9.11019
3.63355,-2.52290,-9.30169
3.51865,-3.07822,-9.37828
3.39418,-3.38461,-9.09104
3.38461,-2.88673,-9.25381
3.44205,-2.91545,-9.40700
3.71972,-3.19312,-8.98573
3.59525,-2.73354,-8.79423
3.44205,-2.56120,-9.01445
3.65269,-3.03992,-8.94743
3.80589,-3.01120,-8.72721
3.76759,-2.45587,-8.57402
3.60482,-2.62822,-8.84211
3.40376,-3.59525,-9.36871
3.62397,-3.64312,-9.21551
3.66227,-2.42715,-9.30169
3.49950,-2.30268,-9.34956
3.38461,-3.31759,-9.21551
3.32716,-3.59525,-9.15807
3.26014,-2.91545,-9.25381
3.47078,-2.71439,-9.33041
3.97823,-2.77184,-9.18679
4.12185,-2.36970,-9.09104
3.81546,-2.20694,-9.10062
3.60482,-2.81971,-9.31126
3.42291,-3.24099,-9.52190
3.57610,-3.13567,-9.15807
3.53780,-3.03035,-9.17722
3.62397,-2.90588,-8.91870
3.83461,-2.82928,-9.31126
3.80589,-2.57077,-9.24424
3.58567,-2.84843,-9.25381
3.35588,-3.18354,-9.21551
3.48993,-3.38461,-9.17722
3.71972,-3.18354,-9.21551
3.81546,-3.12609,-9.11019
3.71972,-3.55695,-9.13892
3.57610,-3.61440,-9.18679
3.76759,-3.05907,-9.20594
3.87291,-2.72396,-8.95700
3.82504,-3.06865,-8.98573
3.58567,-3.51865,-9.18679
3.50908,-3.58567,-9.20594
3.68142,-3.12609,-9.11977
3.79631,-2.67609,-8.85168
3.75801,-2.91545,-8.78466
3.46120,-3.06865,-8.97615
3.44205,-2.82928,-9.03360
3.57610,-2.72396,-9.08147
3.67184,-3.24099,-9.04317
3.63355,-3.50908,-9.10062
3.63355,-3.18354,-9.10062
3.71972,-2.81013,-8.88998
3.74844,-2.88673,-9.03360
3.81546,-3.45163,-9.43573
