-8.50700,2.17821,-3.59525
-8.54529,2.13034,-3.56652
-8.56444,2.20694,-3.61440
-8.54529,2.20694,-3.66227
-8.47827,2.15906,-3.68142
-8.48785,2.21651,-3.72929
-8.47827,2.15906,-3.58567
-8.44955,2.08247,-3.64312
-8.47827,2.11119,-3.72929
-8.41125,2.23566,-3.67184
-8.34423,2.32183,-3.66227
-8.33465,2.23566,-3.65269
-8.37295,2.10162,-3.69099
-8.42083,2.03459,-3.78674
-8.43040,1.99630,-3.74844
-8.43040,1.93885,-3.65269
-8.43998,2.02502,-3.61440
-8.45913,2.17821,-3.71972
-8.44955,2.20694,-3.82504
-8.41125,2.03459,-3.89206
-8.41125,1.93885,-3.94951
-8.54529,2.00587,-3.90163
-8.41125,1.89098,-3.84419
-8.41125,1.93885,-3.93036
-8.40168,2.08247,-3.88248
-8.35380,2.29311,-3.72929
-8.37295,2.23566,-3.76759
-8.38253,1.99630,-3.76759
-8.39210,1.79523,-3.79631
-8.42083,1.81438,-3.85376
-8.39210,1.83353,-3.87291
-8.31551,1.91012,-3.80589
-8.35380,2.01545,-3.89206
-8.42083,1.92927,-3.93993
-8.36338,1.72821,-3.94951
-8.37295,1.83353,-3.94951
-8.39210,1.89098,-3.95908
-8.36338,1.91970,-3.95908
-8.26763,2.04417,-3.99738
-8.18146,2.34098,-4.00695
-8.11444,2.33141,-4.12185
-7.99955,2.33141,-4.06440
-7.85593,2.68566,-4.16015
-7.83678,2.89630,-4.26547
-7.76976,2.81013,-4.53355
-7.74103,2.99205,-4.78249
-7.89422,3.42291,-5.06016
-8.02827,3.76759,-5.38569
-8.03784,3.87291,-5.83570
-7.98040,3.81546,-6.20910
-8.01869,4.05483,-6.15165
-8.05699,4.46653,-6.17080
-7.71231,4.15057,-6.21868
-7.62614,3.86334,-6.31442
-7.54954,3.83461,-6.41017
-7.42507,3.81546,-6.70698
-7.21443,3.19312,-6.94634
-6.86975,2.35055,-6.75485
-6.84102,2.35055,-6.77400
-6.79315,2.23566,-6.67826
-6.95592,1.54629,-7.10911
-7.01337,0.42607,-7.84635
-6.61123,-0.20585,-7.54954
-6.66868,0.90480,-7.43465
-6.66868,1.25905,-7.41550
-6.52506,1.40267,-7.75061
-6.52506,1.09629,-7.76018
-6.61123,0.99097,-7.69316
-6.72613,1.17288,-7.76018
-6.63038,1.46012,-7.88465
-6.51549,1.97715,-8.24848
-6.42932,1.92927,-8.37295
-6.46762,1.90055,-8.49742
-6.44847,2.39843,-8.76551
-6.30485,2.97290,-8.72721
-6.12293,2.70481,-8.55487
-6.65911,2.74311,-9.48360
-6.69740,3.29844,-10.23042
-5.79740,2.81013,-9.74212
-5.37612,2.96333,-9.49318
-5.95059,3.18354,-9.75169
-6.41017,2.86758,-10.49851
-6.47719,3.25056,-10.99638
-6.14208,4.00695,-11.00596
-5.96016,5.31867,-11.58043
-5.20377,6.17080,-13.36130
-4.40909,6.06548,-13.39960
-3.03992,6.81230,-12.75810
-1.90055,9.25381,-11.89639
-0.98139,10.45063,-13.29428
1.15373,8.05699,-15.64004
4.05483,3.18354,-13.80173
5.42399,0.42607,-11.41766
5.45271,-0.78033,-8.81338
6.37187,-2.51332,-8.33465
8.92828,-6.82187,-9.90488
13.15066,-14.51982,-12.47086
10.54638,-19.59434,-12.19320
-0.08138,-15.03685,-15.08472
-9.09104,-3.06865,-11.12085
-3.82504,-5.93144,-4.61972
-1.23991,-11.65703,-4.57185
-1.70906,-8.91870,-5.13675
0.31117,-6.48677,-3.69099
-0.74203,-5.31867,-5.62505
-2.44630,-7.11869,-6.98464
-2.11119,-2.64737,-5.81655
-2.29311,-3.50908,-5.86442
-4.57185,-6.06548,-6.58251
-4.29419,-6.84102,-5.79740
-3.81546,-6.55379,-5.44314
-3.90163,-6.24740,-6.29527
-4.17930,-5.75910,-7.19528
-3.97823,-6.10378,-7.91337
-4.24632,-6.49634,-7.86550
-4.15057,-5.95059,-7.53997
-4.40909,-5.37612,-7.06124
-4.39951,-5.31867,-6.89847
-4.41866,-5.05058,-7.07081
-4.36121,-4.82079,-7.39635
-3.71014,-4.73462,-7.46337
-4.04525,-4.31334,-7.42507
-4.74419,-4.49526,-7.14741
-4.84952,-4.72505,-7.19528
-4.74419,-4.56228,-7.17613
-4.67717,-4.12185,-7.32933
-4.52398,-4.14100,-7.41550
-4.80164,-4.16972,-7.47294
-4.64845,-4.30377,-7.62614
-4.42823,-3.99738,-7.76018
-4.52398,-3.81546,-7.53997
-4.45696,-3.87291,-7.44422
-4.60058,-3.84419,-7.36762
-4.66760,-3.92078,-7.37720
-4.62930,-4.11227,-7.54954
-4.77292,-4.18887,-7.51124
-4.76334,-4.19845,-7.47294
-4.69632,-4.20802,-7.35805
-4.93569,-4.48568,-7.41550
-4.68675,-4.62930,-7.64529
-4.34206,-4.39951,-7.53039
-4.47611,-4.17930,-7.50167
-4.63887,-4.46653,-7.37720
-4.61015,-4.61015,-7.18571
-4.77292,-4.77292,-7.26230
-4.76334,-4.97398,-7.31018
-4.73462,-4.85909,-7.32933
-4.65802,-4.89739,-7.32933
-4.58143,-4.96441,-7.19528
-4.52398,-4.88781,-7.14741
-4.51441,-5.03143,-6.95592
-4.73462,-5.09845,-6.90805
-4.66760,-5.42399,-6.81230
-4.69632,-5.36654,-6.92719
-4.65802,-5.66335,-6.96549
-4.82079,-5.58676,-6.93677
-4.70590,-5.17505,-6.56336
-4.40909,-4.66760,-6.45804
-4.35164,-4.90696,-6.46762
-4.62930,-5.25165,-6.50591
-4.77292,-5.10803,-6.58251
-4.68675,-5.20377,-6.51549
-4.66760,-5.18462,-6.44847
-4.62930,-5.38569,-6.30485
-4.55270,-5.62505,-6.53464
-4.58143,-5.71123,-6.45804
-4.73462,-5.62505,-6.59208
-4.75377,-5.73037,-6.53464
-4.64845,-5.91229,-6.44847
-4.64845,-6.02719,-6.35272
