-7.60699,-5.05058,2.09204
-7.53039,-5.21335,1.81438
-7.41550,-5.00271,1.75693
-7.43465,-4.68675,2.03459
-7.42507,-4.74419,2.19736
-7.45380,-4.81122,2.13034
-7.41550,-4.86866,1.96757
-7.43465,-5.11760,1.92927
-7.46337,-5.06973,1.88140
-7.45380,-4.83037,1.99630
-7.39635,-5.07930,2.06332
-7.46337,-5.16548,1.95800
-7.50167,-5.19420,1.93885
-7.56869,-5.18462,1.86225
-7.56869,-5.17505,1.90055
-7.57826,-4.99313,2.02502
-7.55912,-4.98356,2.07289
-7.51124,-5.23250,2.08247
-7.47294,-5.12718,1.99630
-7.49209,-5.08888,2.00587
-7.53039,-5.18462,2.03459
-7.54954,-5.29952,2.13034
-7.46337,-5.45271,2.15906
-7.38677,-5.48144,2.13991
-7.35805,-5.39526,2.13991
-7.40592,-5.38569,2.28353
-7.35805,-5.50059,2.37928
-7.27188,-5.49101,2.33141
-7.38677,-5.56761,2.30268
-7.67401,-5.51973,2.49417
-7.70273,-4.90696,2.65694
-7.77933,-4.66760,3.10694
-7.78890,-4.16972,3.51865
-7.75061,-3.48993,3.56652
-7.71231,-2.73354,3.15482
-7.77933,-2.57077,2.72396
-7.84635,-2.61864,2.60907
-7.76976,-2.15906,2.87716
-7.65486,-1.68034,3.17397
-7.72188,-1.45055,3.47078
-7.53039,-1.31650,3.49950
-7.60699,-0.72288,3.10694
-7.93252,0.16755,2.56120
-8.05699,0.33990,2.39843
-8.07614,0.04309,1.61331
-9.05275,-0.07181,0.59841
-10.42191,0.06223,-0.93352
-11.71448,0.29202,-2.89630
-11.37936,1.02927,-2.78141
-9.84744,1.94842,-2.21651
-8.92828,2.30268,-1.75693
-8.68891,2.20694,-1.55587
-8.87083,2.28353,-2.94418
-9.37828,2.39843,-4.78249
-9.71339,2.23566,-5.45271
-9.46445,2.09204,-5.96974
-9.00487,1.86225,-6.42932
-8.58359,1.23033,-6.39102
-8.10487,0.58884,-6.30485
-7.83678,0.62713,-7.07081
-8.60274,1.34523,-9.19637
-9.26339,1.39310,-10.16340
-8.43040,0.65586,-9.19637
-7.38677,0.70373,-9.70382
-6.77400,0.54096,-11.14000
-5.78782,0.10053,-12.10703
-4.87824,1.26863,-12.25065
-4.11227,2.50375,-13.01661
-3.19312,1.50799,-15.03685
-2.11119,-0.73245,-17.10495
-0.32075,-2.50375,-17.24857
1.44097,-2.32183,-14.79748
2.13991,-0.23458,-13.70598
2.70481,2.41758,-14.11769
3.76759,3.48993,-16.73154
5.11760,1.24948,-19.60391
6.38144,-2.12077,-18.06241
8.06657,-5.70165,-14.88365
9.22509,-6.61123,-13.20811
8.99530,-3.68142,-14.93153
9.00487,0.55054,-15.87941
8.78466,3.46120,-16.77942
9.19637,3.09737,-17.63155
12.27937,-1.80480,-15.40068
15.20919,-3.90163,-16.04218
16.09962,-6.97507,-14.29961
16.81771,-14.18471,-10.28787
14.36663,-16.04218,-8.32508
10.72829,-10.84319,-9.99105
9.92403,-6.77400,-10.16340
8.40168,-7.49209,-4.21759
4.33249,-9.56020,-0.51224
2.91545,-9.10062,-4.50483
3.31759,-11.70490,-5.87399
4.01653,-15.10387,-6.40059
5.18462,-15.73579,-7.46337
6.13251,-12.37512,-7.98040
8.02827,-9.49318,-6.09421
9.43573,-10.21127,-3.36546
7.26230,-11.37936,-4.87824
5.09845,-11.75277,-6.00804
3.59525,-11.17830,-6.26655
3.08780,-11.01553,-5.48144
2.91545,-9.92403,-6.73570
3.41333,-8.62189,-6.51549
4.59100,-7.54954,-5.02186
4.98356,-6.06548,-4.98356
4.79207,-6.06548,-6.02719
4.39951,-7.74103,-6.60166
3.70057,-7.84635,-6.82187
3.42291,-6.95592,-6.99422
3.91121,-6.41974,-7.00379
4.49526,-6.38144,-7.11869
4.86866,-6.03676,-7.18571
4.84952,-5.56761,-7.03251
4.50483,-5.92187,-6.88890
4.07398,-6.43889,-7.50167
3.84419,-6.79315,-7.76018
3.84419,-6.89847,-7.15698
3.84419,-6.63996,-7.08039
3.68142,-6.66868,-7.54954
3.61440,-7.07081,-7.46337
3.48035,-7.16656,-6.91762
3.30801,-6.71655,-6.64953
3.25056,-6.50591,-7.42507
3.29844,-6.45804,-8.21976
3.38461,-5.92187,-7.92295
3.43248,-5.55803,-7.12826
3.35588,-6.34315,-7.26230
3.46120,-6.49634,-8.33465
3.50908,-6.07506,-8.41125
3.68142,-5.75910,-7.71231
3.67184,-5.67293,-7.33890
3.52823,-5.96016,-7.37720
3.35588,-6.03676,-7.71231
3.36546,-5.82612,-7.58784
3.58567,-5.82612,-7.33890
3.70057,-5.98889,-7.39635
3.41333,-6.41974,-7.80805
3.20269,-6.81230,-8.10487
3.24099,-6.09421,-7.56869
3.53780,-5.22292,-6.79315
3.82504,-5.76867,-6.80273
3.76759,-5.90272,-7.38677
3.73887,-5.73995,-7.12826
3.73887,-5.55803,-6.84102
3.92078,-5.52931,-7.08996
3.90163,-5.61548,-7.39635
3.89206,-5.79740,-7.17613
3.72929,-5.67293,-7.28145
3.72929,-5.83570,-7.35805
3.66227,-6.25697,-7.57826
3.39418,-6.13251,-8.14316
3.44205,-5.96974,-7.81763
3.72929,-5.99846,-7.28145
3.90163,-6.03676,-7.59741
3.83461,-6.20910,-7.98040
3.59525,-6.24740,-7.92295
3.50908,-6.01761,-7.65486
3.73887,-5.94102,-7.51124
3.87291,-6.00804,-7.59741
3.80589,-6.01761,-7.70273
3.60482,-5.91229,-7.57826
3.60482,-6.14208,-7.52082
3.71972,-5.87399,-7.46337
3.92078,-5.56761,-7.22401
3.93036,-5.69208,-7.22401
3.71972,-5.78782,-7.56869
3.50908,-5.89314,-8.00912
3.42291,-5.94102,-7.87508
3.54737,-5.81655,-7.53997
3.66227,-5.66335,-7.49209
3.61440,-5.80697,-7.50167
3.53780,-6.07506,-7.49209
3.51865,-6.09421,-7.30060
3.55695,-6.05591,-7.44422
3.53780,-6.31442,-7.61656
3.43248,-6.39102,-7.67401
3.41333,-6.25697,-7.44422
3.62397,-5.96974,-7.23358
3.83461,-5.88357,-7.46337
3.79631,-6.05591,-7.72188
3.56652,-5.90272,-7.72188
3.48035,-5.67293,-7.34847
3.71014,-5.73995,-7.08039
3.74844,-5.70165,-7.38677
3.63355,-5.98889,-7.53997
3.44205,-6.09421,-7.46337
3.38461,-5.89314,-7.30060
3.69099,-5.73037,-7.10911
