-1.898001273808 11.199235825113 -2.655063680202
-1.247273420009 10.496243592094 -2.747113104657
-0.528314631829 9.774226695044 -2.877450755071
0.242808399570 9.035264632702 -3.036800908868
1.056740707733 8.278833006949 -3.219482030446
1.909111102116 7.501620978779 -3.422357305391
2.799590447953 6.696752244931 -3.644152575355
3.731445636370 5.852246783165 -3.884943961189
4.711259991877 4.948486428735 -4.145578557643
5.748249612716 3.954542149500 -4.426657263325
6.852013285823 2.823893034916 -4.726454361949
8.026549375506 1.492235553535 -5.036885599453
9.257686210775 -0.115085504948 -5.337003311194
10.493939076721 -2.052702600623 -5.586200868544
11.632974411787 -4.294994981012 -5.725730215124
12.542401695164 -6.680221843170 -5.700578151026
13.127431822132 -8.940993863903 -5.496030437519
13.391909214970 -10.840670140917 -5.152908701943
13.424442485296 -12.288970559425 -4.740249386723
13.332362895724 -13.332034209452 -4.316452939096
13.194291429524 -14.071348966514 -3.913452784044
13.052295743090 -14.601829302976 -3.542049736186
12.923207107776 -14.990925752072 -3.202303018382
12.810845020988 -15.280631362969 -2.890735081614
12.713621074330 -15.495404177444 -2.603730765934
12.628174416583 -15.648958518945 -2.338686496974
12.550752863425 -15.748580881129 -2.094186977369
12.477545782473 -15.797479996622 -1.869871015783
12.404594332170 -15.795912819821 -1.666250391924
12.327552664251 -15.741634985635 -1.484555600698
12.241408274986 -15.630020229690 -1.326605727158
12.140212379583 -15.454072117088 -1.194671843836
12.016871011447 -15.204509967667 -1.091292644873
11.863077788549 -14.870123566732 -1.018996985740
11.669512116499 -14.438623322070 -0.979892817418
11.426457559577 -13.898211687445 -0.975106352892
11.124972198433 -13.239992139929 -1.004112755072
10.758611462555 -12.461037274681 -1.064093869373
10.325435774200 -11.567457296909 -1.149562086375
9.829700336799 -10.576330233530 -1.252529644177
9.282435203650 -9.515265709431 -1.363390009875
8.700337072689 -8.419025819924 -1.472394092790
8.103051454182 -7.323892743640 -1.571282601595
7.509675994119 -6.261602592106 -1.654505965449
6.935640722438 -5.254832693952 -1.719646164871
6.390802768583 -4.315326799206 -1.767026852238
5.878917461697 -3.444477463326 -1.798802587484
5.398092975217 -2.635375054027 -1.817898335331
4.941663425908 -1.875262606191 -1.827062329505
4.499079820733 -1.147765667812 -1.828133063314
4.056740733826 -0.434819567245 -1.821513272723
3.599013682344 0.281360681993 -1.805830831842
3.109921962300 1.015766835946 -1.777837332488
2.575939479938 1.777277688511 -1.732699855271
1.989841038524 2.565008432546 -1.664880052876
1.354550699117 3.365854633243 -1.569632357916
0.684948964802 4.155312098404 -1.444747864267
0.005774406832 4.902631543186 -1.291765653121
-0.654293072347 5.578802799202 -1.115930206136
-1.269798968541 6.163759731285 -0.924846736009
-1.823636066170 6.649680832481 -0.726556085183
-2.308474981117 7.039885705083 -0.527943436017
-2.725140039658 7.345126699926 -0.333965265600
-3.079664183780 7.579526176592 -0.147631992832
-3.380483429353 7.757521597880 0.029584430684
-3.636439775707 7.892135945429 0.197228922085
-3.855643979275 7.994304661206 0.355404054184
-4.044978655536 8.072848331807 0.504430571261
-4.209987408479 8.134758465536 0.644619546827
-4.354956012692 8.185590663211 0.776124969523
-4.483064592237 8.229861826007 0.898844178479
-4.596545267987 8.271412079451 1.012339734221
-4.696814425432 8.313726151271 1.115763202614
-4.784567854481 8.360224348702 1.207766797155
