10.096370 -2.321830 1.345230
10.105950 -2.408000 1.297350
10.115520 -2.589920 1.383520
10.230420 -2.953750 1.642040
10.603830 -3.461200 2.072890
10.584680 -3.729290 2.455870
9.531480 -3.518650 2.886730
8.344230 -3.556950 4.016530
7.865500 -4.399510 5.289940
8.554870 -5.692080 6.477190
10.230420 -6.132510 7.453800
11.379360 -5.041010 8.602740
11.408090 -3.662270 9.904880
11.427240 -3.173970 11.934690
12.174050 -3.719720 13.447470
13.284700 -4.523980 13.667690
14.290030 -4.935690 13.600660
15.707070 -5.299520 14.165560
17.401760 -6.237830 14.548550
18.091130 -7.884650 14.548550
17.574110 -9.244240 13.255980
17.411340 -9.071900 12.604910
18.330500 -8.171890 12.997470
19.067740 -6.927190 12.805980
18.914550 -6.132510 12.308100
18.167730 -5.979310 11.369790
17.842190 -6.055910 10.354890
17.296440 -5.759100 9.368710
16.377290 -5.069730 8.507000
15.448550 -4.217590 7.568690
14.653860 -3.250560 6.860170
13.370870 -2.168640 6.936770
12.040010 -1.718630 6.505910
10.747440 -1.584590 5.242070
9.837860 -1.249480 3.777160
8.966580 -0.579260 2.982480
7.884650 0.043090 2.867580
6.678260 0.359050 2.618640
5.739950 0.397340 1.871830
4.734620 0.885650 1.220760
3.212260 1.852680 0.387770
1.479270 2.704810 -0.157980
0.138830 2.963330 -0.272870
-0.627130 2.513320 -0.454790
-1.201610 1.871830 -1.335650
-1.689910 1.728210 -2.178210
-2.245230 2.149490 -2.360130
-3.193120 3.068650 -2.120770
-4.495260 3.882480 -1.297350
-5.730370 4.236740 -1.326080
-6.582510 4.313340 -1.699480
-6.706980 4.409090 -1.402670
-6.381440 4.849520 -0.607980
-6.122930 5.605900 0.052660
-6.649530 6.304850 0.033510
-7.156980 6.142080 -0.607980
-7.243150 5.385690 -1.086710
-7.061240 4.648450 -1.517570
-6.994220 4.141000 -1.833530
-6.888900 3.805890 -2.522900
-6.697400 3.413330 -3.556950
-6.927190 3.317590 -4.188870
-7.252730 3.336730 -4.543130
-7.405920 3.039920 -4.447380
-7.922950 2.637790 -4.332490
-8.162310 2.044170 -4.322910
-8.382530 2.264380 -3.604820
-8.258060 3.499500 -2.187790
-8.325080 4.830370 -1.105860
-8.755940 5.155900 -0.598410
-8.746360 4.504830 -0.665430
-8.554870 3.729290 -1.019690
-8.583590 3.413330 -1.450550
-8.803810 3.576100 -1.278200
-9.071900 3.930360 -0.914370
-8.583590 3.920780 -0.579260
-8.229340 3.863340 -0.473940
-8.344230 3.949510 -0.272870
-8.382530 4.045250 -0.225000
-8.487850 4.064400 -0.531390
-8.392100 4.073980 -0.856920
-8.258060 4.035680 -0.722880
-8.344230 4.006950 -0.732450
-8.382530 3.892060 -0.742030
-8.277210 3.968660 -0.646280
-8.219760 4.150570 -0.694160
-8.286780 4.227170 -0.789900
-8.152740 4.370790 -0.837770
-8.191040 4.485680 -0.694160
-8.325080 4.389940 -0.770750
-8.296360 4.141000 -0.799480
-8.047420 3.968660 -0.751600
-8.037840 3.939930 -0.655860
-8.200610 4.016530 -0.627130
-8.248480 4.208020 -0.617560
-8.267630 4.322910 -0.493090
-7.961250 4.208020 -0.368620
-7.903800 4.227170 -0.445220
-8.267630 4.322910 -0.454790
-8.478270 4.303770 -0.320750
-8.133590 4.188870 -0.244150
-7.836780 4.313340 -0.129260
-8.104870 4.428230 -0.004790
-8.392100 4.361210 0.023940
-8.344230 4.198450 -0.129260
-8.325080 4.026100 -0.004790
-8.200610 3.892060 0.196280
-8.133590 3.987800 0.023940
-8.468700 4.217590 -0.023940
-8.238910 4.294190 0.196280
-7.980400 4.370790 0.550540
-8.104870 4.696320 0.512240
-8.277210 4.686750 0.196280
-8.420830 4.198450 0.014360
-8.430400 3.786740 -0.062230
-8.219760 3.748440 -0.186700
-8.219760 3.939930 -0.100530
