9.665520 -3.039920 2.609070
9.636790 -3.078220 2.972900
9.694240 -2.762260 3.422910
9.818710 -2.398430 3.815460
9.895310 -2.398430 4.983560
9.837860 -2.513320 6.496340
9.502750 -2.609070 6.486770
8.928280 -3.049500 6.036760
8.928280 -4.150570 6.027190
9.608070 -5.586760 6.132510
10.096370 -6.601660 6.467620
10.201690 -6.745280 6.400590
10.603830 -6.429320 6.582510
11.168730 -6.247400 7.501670
11.685750 -6.371870 8.286780
11.685750 -6.496340 8.803810
11.676180 -6.333570 8.832530
12.164480 -6.180380 8.909130
12.796400 -6.113360 9.014450
13.227250 -6.075060 9.186790
13.351730 -5.730370 9.636790
13.074060 -5.261220 10.019780
13.131510 -5.136750 10.163400
13.265550 -5.127180 10.096370
12.805980 -4.878240 9.627220
11.848520 -5.251650 9.119770
11.657030 -6.505910 9.215510
11.829370 -7.204860 10.153820
11.484690 -6.678260 10.125100
10.728290 -6.065480 9.186790
10.067650 -5.845270 8.861260
9.751690 -5.318670 9.052750
9.550620 -4.456960 9.024020
9.004870 -3.403760 8.813380
7.999550 -2.417580 8.669760
7.003790 -1.766510 8.143160
5.960160 -1.373950 7.501670
4.859090 -1.230330 7.271880
4.045250 -1.316500 6.879320
3.805890 -1.153730 6.448470
3.461200 -0.435640 6.151650
2.714390 0.378200 5.806970
1.958000 0.885650 5.376120
1.316500 0.952670 5.289940
0.397340 0.646280 5.088880
0.023940 0.655860 4.208020
-0.119680 2.273960 3.346310
-1.048410 4.658020 3.738870
-1.871830 5.462290 4.361210
-2.130340 4.284620 4.064400
-2.197360 2.714390 3.030350
-2.762260 1.565440 1.996300
-3.576100 0.895220 1.220760
-4.313340 0.703730 0.761180
-5.002710 1.239910 0.722880
-5.510160 2.350550 1.393100
-5.491010 3.375030 1.977150
-5.242070 3.748440 2.025020
-5.098450 3.604820 1.230330
-5.749520 3.470780 0.014360
-6.774000 3.317590 -1.010120
-7.482520 3.078220 -1.613310
-7.855930 2.733540 -1.651610
-7.942100 1.958000 -1.278200
-8.037840 1.651610 -1.144160
-8.200610 2.302680 -0.799480
-7.511240 3.422910 -0.004790
-6.534640 4.504830 0.876070
-6.419740 5.433560 1.306930
-6.965490 6.199530 1.211180
-7.377200 6.295270 1.412250
-7.262300 5.787820 1.153730
-7.176130 5.050580 0.636710
-7.128260 4.591000 0.186700
-7.501670 4.763340 -0.282450
-8.037840 5.108030 -0.272870
-7.875080 5.012280 0.023940
-7.377200 4.725050 -0.253730
-7.654860 4.619720 -0.933520
-8.076140 4.504830 -1.230330
-8.229340 4.466530 -1.163310
-8.411250 3.997380 -0.627130
-8.430400 3.288860 -0.406920
-8.152740 2.858010 -0.387770
-7.961250 3.106940 -0.052660
-7.961250 4.083550 0.426070
-8.009120 4.993130 0.876070
-7.769760 5.328240 1.335650
-7.798480 4.705900 1.421820
-7.922950 4.571850 1.469690
-7.922950 4.380360 1.287780
-7.884650 4.428230 1.163310
-7.970820 4.638870 1.211180
-7.817630 4.581430 1.393100
-7.683580 4.514410 1.402670
-7.683580 4.514410 1.345230
-7.712310 4.437810 1.402670
-7.865500 4.437810 1.172880
-7.798480 4.705900 1.421820
-7.922950 4.571850 1.469690
-7.922950 4.380360 1.287780
-7.884650 4.428230 1.163310
-7.970820 4.638870 1.211180
-7.817630 4.581430 1.393100
-7.683580 4.514410 1.402670
-7.683580 4.514410 1.345230
-7.712310 4.437810 1.402670
-7.865500 4.437810 1.172880
-7.970820 4.466530 0.990970
-7.798480 4.389940 0.904800
-7.626140 4.303770 1.096290
-7.827200 4.303770 1.201610
-8.066570 4.476110 1.086710
-8.133590 4.744190 0.990970
-7.932520 4.945260 1.182460
-7.721880 4.945260 1.201610
-7.808050 4.763340 1.029270
