10.737870 -0.789900 -1.699480
10.795320 -0.550540 -1.795230
10.718720 0.100530 -1.862250
10.594250 0.215430 -1.584590
10.335740 -0.349470 -1.488840
9.876160 -1.144160 -1.613310
9.339980 -2.350550 -1.488840
9.033600 -3.030350 -1.354800
9.646370 -3.059070 -0.981390
11.015530 -3.030350 -0.684580
11.886820 -3.576100 -0.445220
11.427240 -4.006950 -0.301600
11.130430 -4.466530 0.473940
12.193200 -5.452710 1.977150
13.447470 -5.778250 2.771840
13.342150 -5.108030 2.647370
12.930440 -5.136750 2.695240
13.141090 -6.639960 2.408000
14.251730 -8.219760 2.178210
14.864500 -8.688910 1.986720
14.605990 -8.420830 2.101620
14.883650 -7.999550 2.542050
16.501750 -7.530390 2.743110
17.746450 -7.109110 2.762260
16.875160 -6.572940 3.001620
16.099620 -6.525060 3.470780
17.085800 -7.118690 3.183540
17.689000 -7.118690 2.513320
17.258140 -6.237830 1.890980
16.626230 -5.443140 2.455870
15.821960 -5.146330 3.145240
15.687920 -5.337820 3.011200
15.506000 -5.108030 2.522900
14.452800 -4.198450 2.503750
13.409170 -3.643120 2.982480
12.585760 -3.422910 2.350550
12.020860 -3.240990 1.977150
10.958080 -2.723960 1.977150
9.617650 -2.283530 2.656940
8.305930 -2.714390 3.537800
7.425070 -3.164390 3.537800
7.204860 -2.925030 2.886730
6.955920 -2.599490 3.604820
6.371870 -2.676090 4.629300
5.510160 -2.542050 5.060160
4.782490 -2.206940 5.270800
4.198450 -2.111190 5.404840
3.576100 -1.996300 5.385690
3.106940 -1.766510 5.567610
2.656940 -1.871830 5.912290
2.025020 -2.360130 6.170800
1.479270 -2.752690 5.941020
1.125010 -2.599490 5.510160
0.540960 -1.948420 5.414410
-0.167550 -1.488840 5.893140
-0.742030 -1.278200 6.438890
-1.134590 -0.933520 6.515490
-1.498420 -0.866500 6.304850
-1.881400 -1.220760 5.931440
-2.235660 -1.440970 5.787820
-2.762260 -1.268630 6.065480
-3.269710 -1.067560 6.228250
-3.729290 -1.316500 6.515490
-4.102700 -1.354800 6.122930
-4.409090 -0.636710 5.404840
-4.638870 -0.148410 5.500590
-4.763340 -0.292020 6.142080
-5.041010 -0.483520 6.601660
-5.146330 -0.387770 6.218680
-5.108030 -0.119680 5.347390
-5.184620 0.234580 4.887810
-5.385690 -0.119680 4.983560
-5.596330 -0.770750 4.916540
-5.787820 -0.962240 4.581430
-6.228250 -0.320750 3.844190
-6.553790 0.292020 3.432480
-6.630380 0.205850 3.355880
-6.936770 -0.014360 3.116520
-7.319750 -0.129260 2.800560
-7.109110 0.004790 2.484600
-5.127180 0.110110 2.944180
-5.242070 0.521810 2.905880
-5.625050 1.048410 2.398430
-6.017610 1.469690 2.082470
-7.702730 2.446300 0.990970
-11.963410 3.308010 -1.661190
-13.294280 1.488840 -2.599490
-10.709150 -0.521810 -1.804800
-8.143160 -0.454790 -0.789900
-7.243150 0.282450 -0.368620
-7.836780 0.588840 -0.464370
-8.612320 0.828200 -0.837770
-8.621890 1.067560 -0.713300
-8.325080 1.450550 -1.010120
-8.449550 1.575020 -1.201610
-8.679340 1.192030 -1.278200
-8.669760 0.933520 -1.460120
-8.516570 1.230330 -1.900550
-8.363380 1.843100 -2.312260
-8.516570 2.092040 -2.340980
-8.794230 2.015450 -2.226090
-8.602740 1.910120 -2.494170
-8.325080 2.072890 -2.848430
-8.487850 2.503750 -3.250560
-8.621890 2.656940 -3.480350
-8.708060 2.321830 -3.154820
-8.468700 2.168640 -3.298440
-8.363380 2.245230 -3.566520
-8.631470 2.273960 -3.690990
-8.727210 2.302680 -3.547370
-8.631470 2.494170 -3.604820
-8.545290 2.685660 -4.006950
-8.621890 2.494170 -3.872910
-8.679340 2.178210 -3.489930
-8.545290 1.890980 -3.164390
-8.574020 1.958000 -3.039920
-8.832530 2.111190 -2.963330
