9.588920 -3.183540 4.150570
9.857010 -3.623970 4.102700
9.282540 -3.643120 3.748440
9.387860 -3.499500 4.102700
10.153820 -3.738870 4.859090
10.527230 -3.710140 5.395260
10.268720 -3.164390 5.548460
9.809140 -3.212260 5.912290
9.665520 -4.188870 6.371870
9.924030 -5.309090 6.410170
10.067650 -5.510160 6.400590
10.134670 -5.088880 6.448470
10.297440 -4.715470 6.841020
10.575100 -4.648450 7.377200
10.891060 -5.021860 7.846350
11.034680 -5.194200 7.693160
10.986810 -5.098450 7.176130
10.929360 -4.916540 6.917620
11.025110 -4.859090 6.716550
11.120850 -4.705900 6.687830
10.967660 -4.552700 6.620810
10.450630 -4.523980 6.075060
9.914460 -4.418660 5.759100
9.560200 -4.121850 6.075060
9.301690 -3.815460 6.352720
8.803810 -3.710140 6.352720
8.277210 -3.623970 6.505910
7.903800 -3.327160 7.204860
7.434650 -3.164390 7.664440
6.793150 -3.183540 7.817630
6.458040 -3.193120 7.980400
6.419740 -3.078220 8.535720
6.429320 -3.011200 9.062320
6.075060 -3.078220 9.349560
5.768670 -3.030350 9.320830
5.730370 -2.656940 9.167640
5.605900 -2.206940 9.617650
5.213350 -1.938850 9.962330
4.677170 -1.862250 10.010200
4.610150 -1.479270 9.981480
4.725050 -0.540960 9.818710
3.911210 0.033510 9.924030
2.858010 -0.311170 9.627220
2.340980 -1.249480 8.650620
2.226090 -1.785660 8.018690
2.015450 -1.728210 7.865500
1.728210 -1.297350 7.769760
1.182460 -0.742030 7.597410
0.588840 -0.148410 7.549540
0.215430 0.272870 7.568690
0.110110 0.569690 7.348470
-0.157980 0.866500 7.156980
-0.521810 1.211180 6.946340
-0.904800 1.622890 6.831450
-1.144160 1.967570 6.668680
-1.469690 2.264380 6.582510
-1.680340 2.580340 6.812300
-1.996300 2.896300 7.128260
-2.618640 3.078220 7.061240
-3.442050 3.001620 6.984640
-3.442050 2.522900 6.735700
-2.925030 2.408000 6.218680
-2.992050 2.838860 6.601660
-3.422910 3.145240 6.869750
-4.093120 3.183540 6.084630
-4.782490 3.049500 5.625050
-4.887810 2.723960 5.567610
-4.389940 2.513320 5.251650
-4.562280 2.618640 5.012280
-5.117600 2.762260 4.916540
-5.491010 2.944180 4.839940
-5.471860 3.087800 4.849520
-5.175050 3.432480 4.763340
-5.289940 3.949510 4.686750
-5.826120 4.255890 4.734620
-5.912290 4.169720 4.648450
-5.510160 4.006950 4.361210
-5.337820 4.064400 4.466530
-5.462290 4.294190 4.523980
-6.237830 4.543130 4.389940
-6.400590 4.188870 4.619720
-5.538880 3.604820 4.658020
-5.366540 3.556950 4.342060
-5.864420 3.978230 3.700570
-6.381440 4.533550 3.442050
-6.601660 4.725050 3.240990
-6.860170 4.514410 2.570770
-7.109110 4.054830 1.555870
-7.482520 3.528230 0.722880
-7.501670 3.413330 0.464370
-7.137830 3.892060 0.751600
-7.224010 4.667600 0.713300
-7.693160 5.108030 0.282450
-7.875080 4.782490 -0.052660
-7.702730 4.083550 -0.445220
-7.425070 3.585670 -0.435640
-7.587840 3.662270 -0.655860
-7.980400 4.160150 -1.163310
-8.296360 4.322910 -1.096290
-7.865500 3.911210 -0.876070
-7.492090 3.432480 -0.837770
-7.846350 3.365460 -1.048410
-8.325080 3.863340 -1.201610
-8.286780 4.342060 -0.722880
-8.047420 4.380360 -0.177130
-7.989970 4.141000 -0.033510
-8.124010 4.169720 -0.588840
-8.258060 4.370790 -1.048410
-8.296360 4.217590 -0.809050
-8.325080 3.882480 -0.598410
-8.076140 3.939930 -0.751600
-7.894220 4.313340 -0.770750
-7.970820 4.495260 -0.521810
-7.836780 4.351640 -0.464370
-7.798480 4.389940 -0.493090
-8.181460 4.581430 -0.560110
-8.162310 4.667600 -0.713300
