9.914460 -1.297350 1.871830
9.914460 -1.402670 1.996300
9.866590 -1.469690 2.130340
9.655940 -1.661190 2.293110
9.627220 -2.063320 2.455870
9.339980 -2.551620 2.838860
9.272960 -2.455870 3.604820
9.445300 -1.986720 4.495260
10.000630 -1.431400 5.433560
10.374040 -1.125010 6.199530
10.766590 -0.646280 7.626140
11.254900 0.244150 8.909130
11.245320 0.502660 9.588920
11.532560 0.837770 9.751690
12.231500 1.019690 9.962330
12.930440 0.598410 10.134670
13.648540 0.330320 9.895310
13.964500 0.598410 9.464450
14.223010 0.952670 9.225090
14.462370 0.780330 9.177220
14.443220 0.378200 9.272960
14.874080 0.531390 9.502750
15.486850 0.703730 9.933610
15.573020 1.125010 10.115520
15.553870 1.460120 10.354890
15.774090 1.575020 10.718720
16.262390 1.900550 10.498510
15.879410 2.762260 10.058080
15.142170 2.963330 9.627220
15.094300 2.618640 8.985730
14.787910 1.910120 8.631470
13.801730 2.034590 8.238910
13.227250 1.795230 8.248480
13.007040 1.661190 7.903800
12.288950 1.632460 7.741030
11.666600 1.728210 7.903800
11.293190 2.331410 7.731460
10.852760 2.331410 7.156980
9.962330 2.360130 6.764430
9.292110 2.408000 6.678260
8.305930 2.273960 6.429320
7.348470 1.699480 6.276120
6.764430 1.230330 6.218680
6.458040 1.268630 5.701650
5.653780 1.469690 5.548460
4.533550 1.642040 5.462290
3.700570 1.211180 5.251650
3.164390 1.211180 4.859090
2.522900 1.125010 4.763340
1.862250 0.847350 4.227170
1.287780 0.876070 3.489930
0.579260 0.617560 3.068650
-0.301600 0.512240 2.790980
-1.192030 0.627130 2.398430
-1.929270 0.607980 2.369700
-2.350550 0.694160 2.513320
-3.135670 1.029270 2.944180
-4.112270 0.675010 3.183540
-4.543130 -0.062230 3.030350
-4.897390 -0.512240 2.829280
-5.280370 -0.751600 2.388850
-5.615480 -0.062230 1.689910
-6.209100 0.655860 1.431400
-6.419740 0.971820 1.431400
-6.266550 1.077140 1.316500
-6.218680 1.421820 0.789900
-6.410170 1.594160 0.426070
-6.582510 2.197360 -0.100530
-6.410170 2.532470 -0.627130
-6.352720 2.666510 -1.239910
-6.199530 2.465450 -1.603740
-6.525060 2.379280 -2.532470
-6.946340 1.460120 -3.145240
-7.587840 0.713300 -3.623970
-7.942100 0.502660 -3.901630
-8.191040 0.493090 -3.930360
-8.420830 0.923950 -4.227170
-8.736790 1.067560 -4.418660
-8.937850 1.182460 -4.150570
-8.746360 1.306930 -3.614400
-8.679340 1.460120 -3.279290
-8.976150 1.910120 -3.145240
-8.870830 1.737780 -2.752690
-8.679340 1.881400 -2.905880
-8.545290 1.919700 -2.963330
-8.411250 1.804800 -3.059070
-8.468700 1.393100 -2.992050
-8.430400 1.048410 -3.202690
-8.430400 1.086710 -3.422910
-8.679340 1.010120 -3.461200
-9.110190 0.684580 -3.365460
-9.387860 0.607980 -3.221840
-9.263390 0.607980 -2.934600
-9.024020 0.665430 -2.733540
-9.024020 0.799480 -2.704810
-9.253810 0.751600 -2.513320
-9.148490 0.751600 -2.302680
-8.928280 0.866500 -2.072890
-8.957000 0.895220 -1.996300
-8.985730 0.923950 -2.072890
-9.043170 0.962240 -2.187790
-9.071900 0.876070 -2.321830
-9.004870 0.837770 -2.503750
-9.177220 0.818620 -2.580340
-9.129340 0.818620 -2.695240
-9.100620 0.751600 -2.647370
-9.062320 0.837770 -2.446300
-9.253810 0.971820 -2.197360
-9.330410 1.048410 -2.053740
-9.033600 1.057990 -1.843100
-8.957000 1.326080 -1.661190
-9.071900 1.584590 -1.555870
-9.263390 1.622890 -1.306930
-9.301690 1.651610 -1.029270
-9.110190 1.795230 -0.847350
-9.052750 1.919700 -0.895220
-9.177220 1.958000 -0.981390
