10.201690 -0.493090 -1.584590
10.393190 -0.799480 -1.680340
10.364460 -1.038840 -1.814380
10.038930 -1.306930 -1.642040
9.531480 -1.460120 -1.163310
9.541050 -1.622890 -0.646280
10.000630 -1.823950 -0.406920
10.603830 -2.111190 -0.588840
10.948510 -2.187790 -0.914370
10.900640 -2.149490 -0.904800
10.709150 -2.340980 -0.435640
10.680420 -2.551620 -0.052660
11.264470 -2.475020 0.540960
12.145330 -2.379280 0.588840
13.026190 -2.398430 0.904800
12.930440 -2.723960 1.929270
12.509160 -3.537800 2.465450
12.853850 -4.409090 2.570770
13.658110 -5.395260 3.202690
14.175140 -6.276120 4.227170
14.366630 -6.955920 4.131420
15.687920 -7.386770 3.911210
17.306020 -8.621890 4.045250
18.368790 -9.244240 4.897390
19.220930 -8.669760 5.309090
19.594340 -8.229340 4.859090
19.594340 -7.999550 5.108030
19.594340 -8.612320 5.998460
19.594340 -9.885730 6.065480
19.594340 -10.498510 6.563360
19.594340 -10.402760 6.525060
19.594340 -9.904880 6.639960
19.594340 -9.789990 5.720800
19.594340 -9.071900 5.289940
19.594340 -6.841020 4.954840
19.594340 -5.280370 4.552700
19.594340 -4.399510 3.451630
19.594340 -3.116520 2.321830
19.594340 -1.795230 1.594160
18.713480 -1.038840 1.584590
17.373040 -0.263300 0.933520
16.204940 0.416490 0.215430
14.519820 1.211180 -0.033510
12.767680 1.507990 0.110110
11.283620 1.134590 0.617560
10.010200 0.177130 0.646280
8.947430 0.081380 0.253730
8.028270 0.732450 0.569690
7.310180 1.345230 1.795230
6.055910 3.863340 2.005870
4.533550 4.734620 2.321830
3.442050 3.528230 1.172880
2.982480 2.513320 -0.751600
2.925030 2.111190 -2.743110
2.628220 2.063320 -4.399510
1.594160 1.230330 -5.625050
-0.263300 0.359050 -8.880400
-2.790980 0.205850 -12.528310
-6.486770 0.205850 -16.128350
-5.309090 0.646280 -14.184710
-8.918700 1.728210 -13.294280
-9.665520 2.867580 -13.773010
-10.345310 3.346310 -14.673010
-10.824040 3.509080 -14.471950
-10.776170 3.001620 -12.614480
-10.077230 2.666510 -10.249570
-9.416580 2.293110 -8.487850
-9.186790 1.536720 -7.329330
-9.052750 0.454790 -6.094210
-8.851680 -0.387770 -4.485680
-9.071900 -0.330320 -3.011200
-9.339980 0.167550 -1.632460
-8.966580 0.186700 -1.067560
-8.353800 -0.560110 -0.560110
-8.478270 -1.239910 -0.023940
-8.976150 -1.201610 0.521810
-9.138920 -0.914370 0.636710
-9.004870 -1.182460 0.722880
-8.966580 -1.536720 0.665430
-9.062320 -1.642040 0.981390
-9.186790 -1.249480 1.144160
-9.024020 -1.048410 1.144160
-8.957000 -1.048410 0.904800
-9.138920 -1.134590 0.665430
-8.985730 -1.555870 0.550540
-8.966580 -1.804800 -0.052660
-9.167640 -1.421820 -0.598410
-9.196370 -0.617560 -0.445220
-9.148490 -0.244150 0.004790
-9.033600 -0.378200 -0.033510
-9.091040 -0.196280 -0.627130
-9.148490 0.129260 -0.799480
-9.071900 0.119680 -0.426070
-8.995300 -0.052660 -0.129260
-9.024020 -0.244150 -0.186700
-9.196370 -0.416490 -0.445220
-9.215510 -0.512240 -0.560110
-9.004870 -0.540960 -0.359050
-9.004870 -0.196280 -0.196280
-9.100620 -0.071810 -0.014360
-9.129340 -0.359050 0.090960
-9.215510 -0.694160 -0.071810
-9.330410 -0.684580 -0.540960
-9.359130 -0.359050 -0.742030
-9.158070 -0.454790 -0.445220
-9.024020 -0.780330 -0.157980
-9.071900 -0.885650 -0.502660
-9.004870 -0.914370 -0.789900
-8.937850 -0.904800 -0.722880
-9.234660 -0.847350 -0.330320
-9.330410 -0.579260 -0.157980
-9.138920 -0.253730 -0.129260
-9.014450 -0.244150 0.129260
-9.158070 -0.493090 0.234580
-9.138920 -0.607980 0.138830
-9.071900 -0.454790 0.157980
-9.138920 -0.244150 0.292020
