10.268720 -0.196280 -1.354800
10.268720 -0.502660 -1.393100
10.297440 -0.646280 -1.546290
10.354890 -0.655860 -1.536720
10.383610 -0.694160 -1.565440
10.307010 -0.904800 -1.603740
10.307010 -1.144160 -1.737780
10.412330 -1.469690 -1.699480
10.297440 -2.092040 -1.594160
10.163400 -2.197360 -1.565440
10.469780 -2.092040 -0.943090
10.565530 -2.848430 -0.033510
10.642120 -4.045250 0.971820
10.824040 -4.801640 1.316500
11.570860 -5.318670 0.885650
12.422990 -6.486770 1.412250
12.700650 -8.200610 2.178210
13.236830 -9.655940 2.465450
14.127260 -10.603830 3.451630
14.519820 -11.714480 3.949510
15.620900 -13.418750 4.026100
17.736870 -14.242160 3.748440
19.594340 -13.313430 4.610150
19.594340 -11.810220 5.854840
19.594340 -10.364460 6.314420
19.594340 -9.387860 5.749520
19.594340 -8.430400 4.389940
19.594340 -7.530390 3.202690
19.594340 -7.003790 2.235660
19.594340 -6.391020 1.278200
19.594340 -4.744190 0.397340
19.594340 -3.260140 0.177130
18.723050 -2.915450 0.426070
17.526230 -2.867580 0.234580
16.578350 -2.264380 0.186700
15.410250 -1.469690 -0.052660
13.581510 -1.211180 0.809050
11.685750 -1.335650 1.278200
10.555950 -1.431400 1.335650
9.732540 -1.067560 1.546290
8.679340 -0.675010 2.053740
7.453800 -0.435640 2.963330
6.333570 -0.751600 3.595250
5.318670 -1.144160 3.566520
4.380360 -1.536720 3.317590
3.796310 -1.766510 3.260140
3.269710 -1.479270 3.643120
2.771840 -0.971820 4.370790
2.082470 -0.531390 4.562280
1.163310 -0.493090 4.476110
0.301600 -0.406920 3.872910
-0.512240 -0.215430 3.729290
-1.335650 0.033510 3.777160
-2.053740 -0.225000 4.064400
-2.417580 -0.684580 3.901630
-2.704810 -0.742030 3.327160
-3.250560 -0.272870 2.896300
-3.939930 0.588840 2.953750
-4.456960 0.655860 3.959080
-5.108030 0.167550 3.872910
-5.280370 -0.320750 3.145240
-5.232500 -0.378200 2.235660
-5.366540 0.119680 1.594160
-5.404840 0.569690 1.383520
-8.439980 2.561200 -3.796310
-9.914460 2.666510 -4.160150
-9.320830 1.594160 -4.006950
-8.420830 0.502660 -3.499500
-8.583590 0.119680 -3.164390
-9.081470 0.502660 -3.317590
-9.119770 0.943090 -2.953750
-8.957000 0.971820 -2.360130
-8.899550 0.684580 -1.843100
-9.033600 0.675010 -1.804800
-9.119770 0.311170 -1.527140
-9.024020 -0.033510 -1.249480
-8.937850 -0.081380 -1.287780
-8.937850 -0.071810 -0.895220
-9.129340 -0.129260 -0.378200
-8.985730 -0.196280 -0.205850
-8.842110 -0.090960 -0.157980
-8.985730 0.004790 0.023940
-9.177220 0.004790 0.263300
-9.426150 -0.225000 0.397340
-9.474030 -0.234580 0.177130
-9.263390 -0.263300 0.234580
-9.129340 -0.502660 0.339900
-9.234660 -0.502660 0.339900
-9.100620 -0.569690 0.292020
-8.909130 -0.397340 0.320750
-9.004870 0.033510 0.301600
-9.292110 0.263300 0.512240
-9.407000 0.464370 0.339900
-9.091040 0.387770 0.090960
-8.947430 0.186700 0.033510
-9.148490 -0.023940 0.004790
-9.292110 -0.205850 0.004790
-9.234660 -0.215430 -0.119680
-9.024020 -0.081380 -0.177130
-8.909130 0.014360 -0.177130
-8.985730 -0.023940 -0.090960
-9.119770 -0.119680 -0.196280
-9.215510 -0.129260 -0.292020
-9.244240 0.023940 -0.244150
-9.177220 -0.100530 -0.043090
-9.119770 -0.244150 -0.062230
-9.129340 -0.272870 -0.177130
-9.081470 -0.110110 -0.196280
-9.014450 0.043090 0.014360
-9.129340 -0.062230 0.272870
-9.301690 -0.215430 0.148410
-9.205940 -0.445220 -0.014360
-9.024020 -0.426070 -0.157980
-9.043170 -0.301600 -0.090960
-9.263390 -0.234580 0.129260
-9.234660 -0.225000 0.157980
-9.062320 -0.339900 0.062230
