9.924030 -2.781410 1.527140
10.000630 -2.992050 1.689910
9.646370 -3.202690 1.785660
9.148490 -3.346310 1.718630
9.119770 -3.470780 1.766510
9.464450 -3.547370 2.044170
9.799560 -3.643120 2.264380
9.761260 -3.901630 2.637790
9.339980 -4.160150 3.087800
8.889980 -4.504830 3.662270
8.507000 -4.897390 4.265470
8.554870 -5.510160 4.935690
9.024020 -6.410170 5.806970
9.282540 -7.358050 7.472940
9.407000 -7.530390 9.100620
10.010200 -7.520820 9.483600
11.044250 -7.568690 10.019780
12.633630 -7.262300 11.034680
14.108110 -6.888900 11.992140
14.692160 -6.984640 12.815550
15.075150 -7.836780 13.035760
15.678340 -8.727210 12.719800
16.492180 -9.158070 12.422990
17.315590 -9.110190 12.422990
17.736870 -8.602740 12.193200
18.244330 -8.267630 12.116610
18.780500 -8.181460 11.838940
18.732630 -7.472940 11.733620
17.909220 -6.218680 12.193200
17.267720 -6.218680 12.231500
17.085800 -7.070810 10.728290
17.133680 -6.572940 9.167640
16.865590 -4.514410 8.937850
15.965580 -2.704810 8.870830
14.491100 -1.670760 9.091040
13.112360 -1.268630 8.372950
11.972990 -1.038840 6.601660
10.603830 -0.866500 5.653780
9.588920 -0.828200 4.820790
8.765510 -0.531390 4.265470
7.875080 0.000000 3.729290
6.908050 0.531390 3.030350
5.337820 0.636710 2.503750
3.451630 0.205850 1.565440
1.680340 -0.138830 -0.119680
0.512240 0.349470 -1.259050
0.253730 1.201610 -0.952670
0.263300 1.814380 -0.330320
-0.071810 2.053740 -0.588840
-0.914370 2.072890 -1.795230
-2.293110 2.082470 -2.446300
-3.566520 2.388850 -3.375030
-4.265470 2.838860 -4.303770
-4.294190 2.810130 -4.926110
-4.370790 2.388850 -5.423990
-4.715470 2.092040 -6.381440
-5.318670 2.101620 -7.252730
-6.036760 2.120770 -8.066570
-6.630380 2.226090 -9.234660
-7.635710 2.149490 -8.976150
-7.702730 2.494170 -8.497420
-7.377200 3.786740 -7.568690
-7.319750 5.050580 -5.797400
-7.243150 6.477190 -4.236740
-7.587840 7.348470 -2.695240
-8.009120 6.984640 -2.379280
-8.305930 6.189950 -2.053740
-8.009120 4.638870 -3.068650
-7.492090 3.537800 -3.126090
-7.597410 3.432480 -2.838860
-7.903800 4.275040 -2.044170
-7.750610 5.232500 -1.230330
-7.358050 5.328240 -0.665430
-7.539970 5.136750 -0.454790
-8.056990 5.127180 -0.751600
-7.817630 4.983560 -0.943090
-7.396350 4.973980 -0.694160
-7.549540 5.194200 -0.454790
-7.788900 5.347390 -0.569690
-7.884650 5.222920 -0.780330
-7.932520 4.820790 -0.904800
-7.846350 4.466530 -1.048410
-7.683580 4.552700 -1.057990
-7.616560 4.868660 -1.010120
-7.731460 4.868660 -0.933520
-7.942100 4.705900 -1.029270
-7.913370 4.495260 -1.230330
-7.779330 4.313340 -1.259050
-7.721880 4.399510 -1.259050
-7.827200 4.715470 -1.144160
-7.961250 4.993130 -0.971820
-7.961250 4.954840 -0.971820
-8.133590 4.734620 -0.809050
-8.085720 4.638870 -0.789900
-7.913370 4.581430 -0.904800
-7.922950 4.638870 -0.694160
-7.903800 4.734620 -0.579260
-7.913370 4.610150 -0.550540
-8.171890 4.428230 -0.703730
-8.124010 4.389940 -0.904800
-8.018690 4.447380 -0.770750
-7.932520 4.600580 -0.617560
-7.961250 4.715470 -0.646280
-8.248480 4.658020 -0.722880
-8.497420 4.562280 -0.789900
-8.392100 4.629300 -0.828200
-7.970820 4.677170 -0.665430
-7.913370 4.638870 -0.521810
-8.191040 4.437810 -0.617560
-8.219760 4.303770 -0.722880
-8.066570 4.246320 -0.742030
-8.047420 4.303770 -0.780330
-8.037840 4.514410 -1.019690
-8.238910 4.466530 -0.904800
-8.219760 4.466530 -0.675010
-8.133590 4.667600 -0.512240
-7.913370 4.897390 -0.378200
