9.895310 -2.398430 1.958000
9.857010 -2.714390 2.044170
9.761260 -3.212260 1.986720
9.627220 -3.729290 1.938850
9.531480 -3.978230 1.938850
9.665520 -4.054830 2.139910
9.837860 -3.671840 2.618640
9.837860 -2.647370 3.231410
9.837860 -1.555870 4.064400
9.789990 -1.038840 5.002710
9.904880 -1.086710 5.634630
10.144250 -1.565440 5.816550
10.192120 -1.986720 5.998460
10.402760 -2.120770 6.055910
10.450630 -2.120770 6.008040
10.622970 -2.187790 6.266550
10.871910 -2.264380 6.601660
10.900640 -2.340980 7.109110
11.331490 -2.465450 7.262300
11.771920 -2.522900 7.405920
11.848520 -2.446300 8.095290
11.915540 -2.197360 8.439980
12.011290 -2.005870 8.468700
12.260220 -1.958000 8.746360
12.547460 -2.015450 9.359130
12.681500 -2.475020 9.722970
12.700650 -3.126090 9.167640
12.490010 -3.154820 8.439980
11.944260 -2.752690 8.535720
11.532560 -2.637790 8.880400
11.149580 -2.972900 8.736790
10.709150 -2.963330 8.267630
10.307010 -2.513320 8.104870
10.096370 -2.197360 8.248480
9.809140 -1.900550 8.229340
9.301690 -1.517570 8.258060
8.497420 -1.316500 8.191040
7.760180 -1.230330 7.903800
7.262300 -1.029270 7.721880
6.841020 -0.665430 7.587840
6.228250 -0.368620 7.808050
5.663350 -0.320750 7.884650
5.175050 -0.272870 7.741030
4.763340 0.129260 7.913370
4.026100 0.607980 8.267630
3.308010 0.665430 8.363380
3.154820 0.828200 7.980400
3.126090 1.546290 7.606990
2.800560 2.350550 7.683580
2.293110 2.819710 7.635710
2.044170 2.886730 7.013370
1.709060 2.819710 6.783580
1.163310 2.743110 6.764430
0.684580 2.781410 6.285700
0.052660 3.193120 5.873990
-0.617560 3.633550 5.768670
-1.134590 3.959080 5.615480
-1.642040 3.911210 5.462290
-1.986720 3.566520 5.242070
-2.149490 3.327160 4.725050
-2.522900 3.403760 4.284620
-3.020770 3.422910 4.255890
-3.269710 3.442050 4.016530
-3.518650 3.576100 3.872910
-3.662270 3.978230 3.748440
-4.456960 4.399510 3.576100
-5.328240 4.303770 3.805890
-5.366540 4.150570 3.719720
-4.868660 4.236740 3.872910
-4.514410 3.939930 4.083550
-4.983560 3.480350 3.681420
-5.912290 3.480350 2.934600
-6.352720 4.006950 2.829280
-6.075060 4.552700 3.375030
-5.586760 4.705900 3.671840
-5.730370 4.638870 3.422910
-6.237830 4.667600 2.944180
-6.582510 4.686750 2.580340
-6.582510 4.629300 2.455870
-6.525060 4.638870 2.168640
-6.486770 4.562280 2.092040
-6.371870 4.246320 1.919700
-6.247400 3.987800 1.709060
-6.343150 4.141000 1.412250
-6.534640 4.523980 1.259050
-6.869750 4.763340 1.354800
-7.128260 4.792070 1.555870
-7.185710 4.792070 1.507990
-7.281450 4.811220 1.211180
-7.578260 4.926110 1.192030
-7.721880 4.973980 1.354800
-7.463370 4.715470 1.689910
-7.386770 4.610150 1.613310
-7.702730 4.830370 1.479270
-7.970820 4.916540 1.517570
-7.903800 4.686750 1.402670
-7.645290 4.409090 1.182460
-7.549540 4.236740 0.990970
-7.769760 4.255890 0.761180
-7.980400 4.246320 0.502660
-7.760180 4.102700 0.378200
-7.606990 4.121850 0.301600
-7.741030 4.342060 0.052660
-8.028270 4.485680 -0.205850
-8.286780 4.303770 -0.100530
-8.104870 3.710140 -0.062230
-7.855930 3.403760 -0.320750
-7.961250 3.777160 -0.560110
-8.171890 4.619720 -0.253730
-7.827200 5.232500 0.100530
-7.578260 5.098450 -0.023940
-8.037840 4.648450 -0.684580
-8.219760 4.294190 -1.182460
-8.018690 4.131420 -1.373950
-7.817630 4.255890 -1.584590
-7.798480 4.428230 -1.584590
-8.028270 4.610150 -1.297350
