9.512330 -3.710140 2.302680
9.560200 -3.671840 2.628220
9.560200 -3.690990 2.867580
9.588920 -4.169720 3.087800
9.598500 -4.839940 3.269710
9.158070 -5.146330 3.882480
8.813380 -5.232500 4.744190
8.966580 -4.954840 6.008040
9.493180 -4.600580 7.616560
10.326160 -4.887810 9.924030
10.804890 -5.577180 11.905970
10.948510 -5.998460 11.609150
11.302770 -5.931440 11.771920
13.045340 -6.582510 13.993220
15.850690 -7.721880 15.544300
16.817710 -8.315510 15.783660
16.712400 -8.937850 15.946430
17.554960 -9.933610 15.735790
18.943270 -10.383610 14.701740
19.594340 -9.857010 13.763430
19.594340 -9.071900 13.485770
19.594340 -8.095290 13.878330
19.594340 -7.338900 13.926200
19.594340 -6.841020 12.422990
19.364550 -5.835700 11.101700
18.407090 -4.849520 10.115520
17.401760 -4.169720 9.263390
16.204940 -3.748440 8.401680
14.941100 -3.422910 7.358050
13.734710 -3.126090 6.304850
12.518740 -2.790980 5.127180
11.848520 -2.159060 3.825040
10.919790 -1.728210 2.858010
9.588920 -1.881400 2.034590
8.315510 -2.005870 0.933520
7.195280 -1.393100 0.014360
6.094210 -0.330320 -0.617560
4.677170 0.655860 -1.345230
2.877160 1.259050 -2.139910
0.742030 1.268630 -3.212260
-1.239910 0.962240 -4.591000
-2.781410 0.856920 -5.404840
-3.116520 1.220760 -5.328240
-2.858010 2.130340 -4.926110
-3.221840 3.432480 -4.389940
-4.131420 4.600580 -4.236740
-5.146330 5.615480 -4.284620
-6.391020 6.496340 -4.801640
-7.329330 6.754850 -5.203770
-7.243150 6.247400 -4.887810
-6.659110 5.634630 -4.792070
-6.716550 5.423990 -4.705900
-7.051660 5.251650 -4.322910
-7.137830 5.203770 -4.169720
-7.089960 5.108030 -3.892060
-6.649530 4.820790 -3.576100
-6.630380 4.514410 -3.298440
-7.377200 4.514410 -3.489930
-7.702730 4.658020 -3.604820
-7.271880 4.820790 -3.097370
-7.338900 4.820790 -2.331410
-7.913370 4.753770 -2.360130
-8.037840 4.792070 -2.350550
-7.788900 4.906960 -1.814380
-7.731460 4.820790 -1.239910
-8.238910 4.820790 -1.297350
-8.459130 4.964410 -1.517570
-7.961250 5.021860 -1.335650
-7.769760 4.878240 -0.904800
-7.980400 4.504830 -0.837770
-8.171890 4.332490 -0.962240
-8.066570 4.504830 -0.809050
-7.827200 4.734620 -0.483520
-7.779330 4.868660 -0.292020
-8.018690 5.041010 -0.406920
-8.248480 5.012280 -0.540960
-8.181460 4.648450 -0.550540
-8.085720 4.418660 -0.502660
-8.104870 4.648450 -0.483520
-8.133590 5.002710 -0.272870
-7.942100 5.002710 -0.110110
-7.731460 4.830370 -0.225000
-7.788900 4.715470 -0.454790
-7.951670 4.514410 -0.531390
-8.009120 4.523980 -0.560110
-7.788900 4.705900 -0.636710
-7.626140 4.887810 -0.512240
-7.817630 4.945260 -0.445220
-7.970820 4.964410 -0.607980
-8.095290 5.060160 -0.646280
-8.056990 5.108030 -0.579260
-7.779330 4.945260 -0.521810
-7.951670 4.763340 -0.655860
-8.191040 4.638870 -0.828200
-7.961250 4.619720 -0.837770
-7.606990 4.696320 -0.560110
-7.712310 4.820790 -0.330320
-7.922950 4.916540 -0.387770
-7.903800 4.897390 -0.473940
-7.750610 4.792070 -0.339900
-7.731460 4.591000 -0.406920
-7.769760 4.533550 -0.569690
-7.942100 4.600580 -0.809050
-8.028270 4.562280 -0.856920
-7.903800 4.399510 -0.876070
-7.875080 4.255890 -0.856920
-8.047420 4.332490 -0.856920
-8.162310 4.619720 -0.684580
-8.028270 4.878240 -0.378200
-7.942100 5.069730 -0.148410
-8.124010 5.098450 -0.205850
-8.124010 4.868660 -0.263300
-7.951670 4.677170 -0.196280
-7.884650 4.705900 -0.062230
-8.056990 4.705900 0.071810
-8.133590 4.763340 0.004790
-8.095290 4.945260 -0.014360
