10.144250 -1.019690 2.992050
10.153820 -0.818620 3.394180
10.402760 -0.588840 3.585670
10.450630 -0.052660 3.834610
10.718720 1.048410 3.853760
9.751690 -2.704810 3.528230
10.460210 0.454790 3.748440
10.843190 0.684580 4.581430
10.067650 -1.460120 3.528230
10.134670 -1.144160 3.729290
10.058080 -0.646280 4.236740
9.857010 -1.373950 4.667600
10.048500 -1.268630 5.299520
9.809140 -0.866500 5.797400
9.809140 -0.751600 6.314420
10.335740 -0.770750 7.080390
11.072980 -0.904800 8.133590
11.676180 -0.521810 9.024020
12.145330 0.052660 9.407000
12.317670 0.540960 9.569770
12.355970 0.694160 10.086800
12.978320 0.885650 10.919790
13.782580 1.546290 10.900640
13.725130 2.149490 10.421910
13.227250 2.264380 10.316590
12.987890 2.034590 10.536800
13.485770 1.306930 10.824040
13.725130 1.335650 10.565530
13.533640 1.670760 10.172970
13.457050 1.766510 9.761260
13.476190 1.555870 9.272960
13.179380 1.201610 8.602740
12.566610 1.048410 8.248480
11.628300 0.837770 8.066570
11.101700 0.665430 8.018690
10.776170 0.732450 7.750610
9.866590 0.943090 7.444220
8.727210 1.057990 7.549540
8.056990 0.981390 7.645290
8.124010 0.971820 7.568690
7.865500 1.211180 7.597410
6.774000 1.488840 7.626140
5.759100 1.326080 7.606990
5.347390 1.153730 7.396350
5.079300 1.134590 7.291030
4.667600 1.268630 7.032510
3.997380 1.469690 6.955920
3.480350 1.402670 6.582510
3.030350 1.507990 6.247400
2.254810 1.402670 6.122930
1.402670 1.249480 6.122930
0.809050 1.163310 6.276120
0.521810 1.613310 6.228250
-0.052660 1.919700 6.563360
-0.684580 2.149490 6.697400
-1.077140 2.283530 6.659110
-1.259050 2.235660 6.649530
-1.546290 2.369700 6.687830
-1.986720 2.465450 6.687830
-2.340980 2.618640 6.477190
-2.542050 2.628220 6.391020
-2.858010 2.589920 6.256970
-3.231410 2.561200 5.998460
-3.528230 2.609070 5.596330
-3.758010 2.666510 5.213350
-4.227170 2.580340 4.878240
-4.801640 2.494170 4.485680
-4.935690 2.427150 4.064400
-4.954840 2.398430 4.294190
-5.395260 2.465450 4.868660
-5.538880 2.685660 5.194200
-5.385690 3.116520 5.012280
-5.443140 2.810130 4.945260
-5.117600 2.427150 4.456960
-3.834610 1.584590 4.399510
-5.806970 2.178210 3.853760
-7.319750 2.398430 2.455870
-7.654860 2.446300 1.373950
-7.032510 1.268630 1.249480
-5.998460 0.579260 0.416490
-6.055910 0.014360 -0.263300
-6.572940 -0.502660 -0.847350
-6.955920 -0.378200 -1.517570
-7.358050 0.052660 -1.785660
-7.434650 0.215430 -1.785660
-7.233580 0.598410 -1.977150
-7.396350 1.115440 -2.111190
-7.664440 1.287780 -2.360130
-7.827200 1.220760 -2.714390
-7.855930 1.077140 -3.126090
-8.018690 1.077140 -3.365460
-8.267630 1.172880 -3.710140
-8.602740 1.115440 -3.978230
-8.612320 0.789900 -4.169720
-8.459130 0.483520 -4.026100
-8.545290 0.387770 -3.911210
-8.794230 0.560110 -4.083550
-8.918700 0.703730 -4.169720
-8.851680 0.761180 -4.217590
-8.957000 0.502660 -3.920780
-9.158070 0.157980 -3.738870
-9.081470 0.100530 -3.576100
-8.861260 0.426070 -3.279290
-8.794230 0.694160 -3.068650
-8.928280 0.493090 -2.886730
-8.928280 0.301600 -2.819710
-8.937850 0.320750 -2.676090
-9.177220 0.464370 -2.532470
-9.282540 0.646280 -2.532470
-9.205940 0.646280 -2.417580
-9.100620 0.607980 -2.168640
-9.052750 0.703730 -1.938850
-9.196370 0.809050 -1.776080
-9.225090 0.981390 -1.661190
-9.062320 1.077140 -1.507990
-8.947430 1.153730 -1.373950
-9.014450 1.220760 -1.182460
