9.828290 -1.469690 1.967570
9.608070 -1.507990 2.379280
9.502750 -1.536720 3.020770
9.665520 -1.421820 3.805890
9.809140 -1.115440 4.370790
10.134670 -0.617560 4.744190
10.584680 0.157980 5.309090
10.967660 0.560110 5.969740
11.063400 0.617560 6.793150
11.254900 1.067560 7.568690
11.781500 1.335650 8.267630
12.193200 1.364370 8.545290
12.442140 1.326080 8.679340
12.250650 1.594160 8.717640
12.250650 1.239910 8.669760
12.959170 0.560110 8.650620
13.351730 0.272870 8.641040
12.901720 0.655860 8.545290
12.796400 1.048410 8.641040
13.332580 1.115440 8.660190
13.954920 1.383520 8.516570
14.079390 1.737780 8.258060
13.964500 1.852680 8.018690
14.031520 1.517570 7.731460
13.571940 1.010120 7.128260
12.710230 0.751600 6.821870
12.394270 0.569690 6.764430
11.925110 0.751600 6.898470
11.455960 1.134590 7.089960
11.149580 1.278200 7.166560
10.737870 1.440970 7.185710
9.474030 1.488840 7.386770
8.861260 1.182460 7.606990
9.186790 1.038840 7.654860
9.263390 1.393100 7.434650
8.114440 1.728210 7.463370
7.300600 1.536720 7.616560
7.032510 1.259050 7.779330
6.812300 0.952670 7.712310
6.429320 1.125010 7.664440
5.423990 1.153730 7.721880
4.658020 0.923950 7.875080
4.495260 0.933520 7.989970
4.141000 0.971820 7.951670
3.470780 1.211180 8.143160
2.858010 1.220760 8.459130
2.503750 1.460120 8.487850
2.273960 1.709060 8.574020
1.910120 1.948420 8.468700
1.239910 2.025020 8.526150
1.029270 1.919700 8.353800
1.019690 1.958000 8.124010
0.828200 1.900550 7.597410
0.512240 2.159060 6.898470
-0.157980 2.666510 6.639960
-0.837770 2.542050 7.118690
-0.895220 1.967570 7.262300
-1.010120 1.958000 6.831450
-1.756930 2.168640 6.324000
-2.609070 2.273960 5.902720
-3.279290 1.804800 6.266550
-3.451630 1.536720 6.237830
-3.643120 1.507990 6.036760
-3.796310 1.785660 5.854840
-2.915450 1.709060 5.385690
-3.786740 2.580340 4.830370
-4.830370 2.723960 4.543130
-4.361210 2.551620 3.987800
-3.346310 2.302680 3.547370
-3.030350 2.302680 2.599490
-3.317590 2.561200 1.163310
-3.959080 2.465450 0.215430
-4.859090 1.890980 -0.627130
-5.979310 1.297350 -1.661190
-7.252730 0.789900 -2.159060
-8.104870 0.655860 -2.676090
-8.353800 0.856920 -3.193120
-8.497420 1.278200 -3.652690
-8.870830 1.747360 -3.633550
-9.493180 1.728210 -3.250560
-9.588920 1.450550 -2.953750
-9.158070 1.335650 -2.503750
-8.966580 1.306930 -1.871830
-9.052750 1.613310 -1.479270
-9.311260 1.938850 -1.192030
-9.234660 1.881400 -0.675010
-8.775080 1.833530 -0.540960
-8.842110 1.594160 -0.636710
-9.158070 1.259050 -0.406920
-8.775080 1.144160 -0.205850
-8.411250 1.230330 -0.043090
-8.449550 0.990970 0.148410
-8.554870 0.904800 0.081380
-8.641040 0.387770 0.100530
-8.564440 0.282450 -0.378200
-8.669760 -0.292020 -0.483520
-8.650620 -0.675010 -0.579260
-8.957000 -0.617560 -0.799480
-9.311260 -0.464370 -1.038840
-9.387860 -0.397340 -1.211180
-9.148490 -0.464370 -1.105860
-8.976150 -0.435640 -1.057990
-9.263390 -0.186700 -1.086710
-9.569770 0.033510 -0.856920
-9.445300 0.272870 -0.732450
-9.234660 0.378200 -0.607980
-9.311260 0.359050 -0.550540
-9.349560 0.263300 -0.339900
-9.253810 0.493090 -0.330320
-9.272960 0.531390 -0.177130
-9.292110 0.502660 -0.033510
-9.301690 0.569690 0.000000
-9.320830 0.665430 0.033510
-9.148490 0.876070 0.062230
-9.234660 0.981390 0.177130
-9.359130 0.876070 0.330320
-9.138920 0.818620 0.435640
