10.086800 0.799480 1.421820
10.105950 0.531390 1.507990
10.038930 0.397340 1.546290
9.857010 0.387770 1.507990
9.713390 0.627130 1.986720
9.569770 1.067560 2.542050
9.665520 1.211180 3.145240
10.192120 0.320750 3.786740
10.469780 0.004790 4.342060
10.287870 0.177130 4.859090
10.891060 -0.445220 6.304850
11.465540 -0.713300 6.716550
11.561280 -1.192030 6.860170
12.116610 -2.427150 7.176130
12.614480 -2.905880 7.032510
12.442140 -1.163310 6.754850
12.212350 1.153730 7.539970
12.327250 1.565440 8.181460
12.844270 -0.445220 7.741030
13.409170 -1.469690 6.841020
13.457050 -0.378200 7.396350
13.323000 1.211180 8.526150
13.792150 1.316500 9.320830
14.711310 0.531390 8.708060
15.343230 -0.090960 8.928280
15.448550 -0.244150 9.435730
15.314510 0.282450 9.512330
15.123020 1.096290 9.014450
14.759190 1.814380 8.717640
14.605990 1.163310 8.219760
14.242160 0.071810 7.396350
13.830450 0.387770 6.678260
12.873000 2.034590 6.764430
11.829370 2.063320 7.166560
11.427240 0.646280 6.659110
10.824040 -0.100530 6.094210
9.809140 0.904800 5.979310
9.129340 1.967570 6.151650
8.296360 1.393100 6.314420
7.310180 -0.167550 6.391020
6.802730 -0.148410 6.256970
6.343150 1.373950 6.745280
5.213350 1.986720 6.831450
4.303770 1.019690 7.156980
3.997380 -0.023940 7.051660
3.537800 -0.215430 6.860170
2.867580 0.799480 7.061240
2.159060 1.555870 7.319750
1.536720 1.057990 7.291030
1.172880 0.493090 7.099540
0.627130 0.713300 7.109110
0.148410 1.201610 7.051660
-0.215430 0.990970 6.898470
-0.799480 0.684580 7.003790
-1.144160 0.349470 7.176130
-1.383520 0.512240 6.534640
-1.814380 0.579260 6.467620
-2.197360 0.636710 6.448470
-2.676090 0.512240 6.582510
-3.173970 0.761180 6.391020
-3.499500 0.943090 6.467620
-3.556950 0.694160 6.515490
-3.442050 0.081380 6.094210
-4.026100 0.215430 5.289940
-4.591000 0.818620 5.404840
-4.763340 1.201610 5.739950
-4.897390 1.182460 5.376120
-5.242070 0.483520 4.897390
-5.529310 -0.473940 4.255890
-5.500590 -0.521810 3.882480
-5.462290 0.473940 4.418660
-5.778250 0.847350 4.006950
-6.189950 0.521810 3.595250
-6.706980 0.177130 3.106940
-6.649530 -0.359050 2.810130
-6.563360 -0.847350 2.618640
-6.802730 -0.837770 2.522900
-6.917620 -0.569690 2.446300
-7.109110 -0.445220 2.197360
-7.319750 -0.368620 1.833530
-7.635710 -0.397340 1.689910
-7.702730 -0.904800 1.393100
-7.702730 -1.287780 0.847350
-7.970820 -1.115440 0.569690
-8.315510 -0.703730 0.540960
-8.267630 -0.703730 0.502660
-8.085720 -0.933520 0.081380
-8.344230 -1.364370 -0.023940
-8.210190 -1.756930 -0.014360
-8.258060 -1.153730 -0.483520
-8.554870 -0.473940 -0.483520
-8.545290 -0.483520 -0.588840
-8.507000 -0.904800 -1.029270
-8.325080 -1.565440 -1.575020
-8.363380 -1.651610 -1.785660
-8.688910 -1.105860 -2.149490
-8.985730 -0.818620 -2.226090
-8.937850 -1.259050 -2.197360
-8.794230 -1.910120 -2.580340
-8.459130 -2.302680 -2.905880
-8.372950 -2.025020 -2.647370
-8.727210 -1.622890 -2.570770
-9.091040 -1.766510 -2.829280
-9.110190 -2.159060 -3.279290
-8.822960 -2.532470 -3.422910
-9.081470 -2.417580 -3.250560
-9.311260 -1.948420 -3.327160
-9.167640 -1.460120 -3.221840
-9.091040 -1.393100 -2.666510
-9.119770 -1.996300 -2.542050
-8.832530 -2.484600 -2.609070
-8.794230 -2.025020 -2.484600
-9.272960 -1.536720 -2.197360
-9.464450 -1.555870 -1.756930
-9.119770 -1.268630 -1.747360
-8.803810 -1.105860 -1.402670
-8.746360 -1.594160 -1.383520
