9.885730 -1.689910 1.546290
9.751690 -1.795230 1.661190
9.474030 -1.843100 1.996300
9.521900 -1.938850 2.331410
9.732540 -1.795230 2.704810
9.761260 -1.507990 3.164390
9.962330 -1.373950 3.710140
9.895310 -1.766510 4.217590
10.144250 -2.293110 5.261220
10.527230 -1.661190 5.893140
10.919790 -1.412250 6.630380
11.216600 -1.019690 6.917620
11.494260 -0.359050 7.453800
11.944260 -0.090960 7.951670
12.490010 -0.071810 8.191040
12.671930 -0.052660 8.133590
12.767680 0.129260 7.903800
12.700650 0.138830 7.568690
12.758100 -0.426070 7.109110
12.844270 -1.182460 6.783580
12.700650 -1.239910 6.582510
12.633630 -1.096290 6.381440
12.624060 -0.646280 6.142080
12.643210 -0.215430 6.055910
12.490010 -0.244150 6.046330
12.260220 -0.215430 6.247400
11.915540 -0.052660 6.142080
11.867670 -0.014360 5.902720
11.618730 -0.186700 5.960160
11.140000 0.138830 6.218680
11.207020 0.483520 6.448470
11.072980 0.406920 6.496340
10.450630 0.473940 6.410170
10.029350 0.435640 6.745280
9.837860 0.540960 6.812300
9.138920 0.876070 7.281450
9.033600 1.125010 7.396350
9.100620 1.354800 7.463370
8.487850 1.393100 7.606990
8.191040 1.460120 7.674010
8.009120 1.479270 7.846350
7.606990 1.345230 7.961250
6.965490 1.239910 8.085720
6.419740 1.230330 8.392100
6.458040 1.680340 8.430400
6.122930 2.120770 8.909130
5.538880 2.417580 9.378280
5.452710 2.216510 9.416580
5.309090 1.785660 9.512330
4.945260 1.747360 9.636790
4.485680 1.699480 9.809140
4.131420 1.575020 9.981480
4.035680 1.680340 9.789990
3.796310 1.756930 9.234660
3.106940 1.756930 9.033600
2.465450 1.709060 9.205940
2.264380 1.718630 8.976150
1.881400 1.986720 8.822960
1.373950 2.321830 8.832530
0.895220 2.561200 8.775080
0.560110 2.618640 8.372950
0.454790 2.781410 7.865500
0.272870 3.087800 7.271880
-0.119680 3.288860 6.975070
-0.646280 3.269710 6.879320
-1.000540 3.231410 6.611230
-1.326080 3.327160 6.304850
-1.728210 3.250560 5.960160
-2.005870 3.413330 5.577180
-2.771840 2.953750 5.404840
-3.106940 2.513320 4.859090
-3.078220 2.139910 4.409090
-3.432480 1.833530 4.418660
-3.777160 1.699480 3.959080
-3.930360 1.948420 3.327160
-4.495260 1.852680 3.346310
-4.945260 1.603740 3.145240
-5.021860 1.335650 2.580340
-5.031430 1.316500 2.417580
-5.012280 1.421820 1.881400
-5.280370 1.996300 1.297350
-5.845270 2.609070 0.426070
-6.132510 2.427150 -0.301600
-6.333570 1.881400 -0.904800
-6.706980 1.613310 -1.450550
-7.166560 1.967570 -1.862250
-7.511240 2.340980 -2.101620
-7.884650 2.484600 -2.360130
-7.999550 1.843100 -2.465450
-7.693160 1.144160 -2.762260
-7.932520 1.163310 -3.020770
-8.507000 1.105860 -2.771840
-8.669760 1.067560 -2.656940
-8.727210 1.306930 -2.542050
-8.736790 1.460120 -2.714390
-8.995300 1.507990 -2.963330
-9.177220 1.536720 -2.877160
-8.918700 1.584590 -2.848430
-8.631470 1.622890 -2.551620
-8.660190 1.795230 -2.599490
-8.947430 1.881400 -2.628220
-9.119770 1.766510 -2.561200
-8.976150 1.728210 -2.561200
-8.937850 1.814380 -2.293110
-8.976150 1.804800 -1.929270
-8.937850 1.823950 -1.737780
-8.928280 1.843100 -1.488840
-8.918700 1.852680 -1.326080
-8.947430 1.890980 -1.105860
-8.995300 2.053740 -1.077140
-9.177220 2.072890 -0.895220
-9.292110 1.862250 -0.837770
-9.196370 1.603740 -1.096290
-9.129340 1.584590 -1.268630
-9.225090 1.517570 -1.048410
-9.167640 1.622890 -0.981390
-9.052750 1.670760 -0.990970
