10.105950 1.172880 0.761180
10.058080 1.192030 0.923950
10.038930 1.306930 1.057990
10.086800 1.163310 1.220760
10.211270 1.010120 1.278200
10.077230 1.259050 1.555870
9.770840 2.025020 2.092040
9.742120 2.293110 2.963330
10.172970 1.938850 3.939930
10.613400 1.345230 4.332490
10.584680 1.230330 4.466530
10.421910 1.728210 4.744190
10.900640 1.958000 5.739950
11.331490 1.546290 6.209100
11.226170 0.837770 6.122930
11.120850 0.531390 5.749520
11.274040 0.636710 5.692080
11.379360 1.479270 5.625050
11.590010 2.072890 5.682500
11.819790 1.048410 5.701650
11.944260 -0.225000 4.887810
11.992140 0.119680 4.035680
11.886820 1.469690 4.619720
11.551710 1.852680 5.558030
11.647450 0.636710 5.682500
11.925110 -0.215430 5.261220
11.465540 0.780330 5.146330
10.910210 2.111190 6.304850
10.862340 1.747360 7.367620
11.178300 0.138830 7.051660
11.341070 -0.043090 6.525060
11.187870 0.876070 7.137830
10.929360 1.230330 7.989970
10.412330 0.607980 8.124010
10.316590 0.205850 7.750610
10.249570 0.789900 7.884650
10.239990 1.345230 8.487850
9.857010 0.876070 8.516570
9.454880 0.000000 7.760180
9.052750 0.359050 7.482520
8.784660 1.306930 7.827200
8.344230 1.019690 8.277210
7.654860 0.311170 7.731460
7.415500 0.071810 7.530390
7.166560 0.445220 7.319750
6.592080 0.473940 7.635710
5.883570 0.397340 7.549540
5.548460 0.531390 7.386770
5.050580 0.617560 7.693160
4.504830 0.282450 7.779330
4.169720 0.234580 7.635710
3.671840 0.483520 7.788900
3.193120 0.876070 7.961250
2.781410 1.019690 8.238910
2.216510 0.809050 8.459130
1.967570 0.521810 8.564440
1.776080 0.722880 8.478270
1.383520 0.962240 8.487850
0.981390 1.096290 8.497420
0.512240 0.818620 8.822960
0.263300 0.157980 8.746360
-0.062230 0.052660 8.382530
-0.234580 0.943090 8.229340
-0.694160 1.268630 8.688910
-1.010120 0.196280 8.784660
-1.105860 -0.272870 8.085720
-1.450550 0.617560 7.855930
-1.756930 1.153730 8.181460
-2.053740 0.569690 8.372950
-2.465450 0.033510 8.095290
-2.656940 -0.167550 7.903800
-2.762260 0.033510 7.836780
-3.011200 0.722880 7.855930
-3.470780 0.512240 7.942100
-3.537800 -0.684580 7.616560
-3.710140 -0.761180 7.051660
-3.939930 0.062230 7.338900
-4.131420 0.004790 7.300600
-4.504830 -0.761180 6.534640
-4.772920 -0.990970 5.998460
-4.705900 -0.703730 6.228250
-4.868660 -0.856920 6.314420
-5.069730 -1.354800 5.270800
-5.347390 -0.971820 5.002710
-5.414410 -0.675010 5.108030
-5.730370 -0.914370 4.916540
-5.979310 -1.622890 4.447380
-5.941020 -1.795230 4.275040
-6.237830 -1.326080 3.987800
-6.515490 -1.306930 3.853760
-6.879320 -1.326080 3.681420
-7.042090 -1.584590 3.269710
-6.812300 -2.063320 3.087800
-6.850600 -1.814380 2.723960
-7.243150 -1.326080 2.312260
-7.645290 -1.536720 2.312260
-7.281450 -2.044170 2.168640
-7.080390 -1.632460 1.737780
-7.386770 -1.373950 1.862250
-7.597410 -1.651610 1.335650
-7.664440 -1.670760 0.780330
-7.808050 -1.718630 0.397340
-8.535720 -1.986720 0.521810
-8.650620 -1.919700 0.435640
-8.363380 -1.211180 0.512240
-7.999550 -0.780330 0.636710
-7.808050 -1.134590 0.225000
-8.114440 -2.197360 -0.100530
-8.449550 -2.695240 -0.445220
-8.698490 -2.264380 -0.732450
-8.717640 -1.747360 -0.397340
-8.727210 -1.747360 -0.119680
-8.794230 -2.293110 -0.043090
-8.286780 -2.475020 -0.234580
-8.143160 -2.139910 -0.416490
-8.621890 -2.254810 -0.876070
-8.545290 -2.513320 -0.675010
