10.661270 0.493090 2.475020
10.613400 0.521810 3.298440
10.182540 0.876070 3.710140
9.598500 1.345230 4.054830
9.761260 1.699480 4.562280
10.450630 1.871830 4.811220
10.862340 1.412250 5.366540
10.766590 1.019690 5.423990
10.795320 1.134590 5.222920
10.804890 1.929270 5.491010
10.785740 1.517570 6.276120
11.226170 0.052660 5.960160
11.408090 -0.665430 5.213350
11.140000 0.052660 5.088880
11.034680 0.646280 5.883570
11.178300 0.646280 6.477190
11.274040 0.033510 6.410170
11.331490 -0.129260 5.739950
11.274040 0.703730 5.462290
11.302770 1.249480 5.854840
11.178300 0.320750 6.142080
10.804890 -0.847350 5.376120
10.718720 -0.138830 4.859090
10.498510 1.297350 5.864420
10.747440 0.885650 7.003790
10.622970 -0.607980 6.582510
9.991050 -1.010120 5.711230
9.148490 -0.129260 5.615480
9.234660 0.062230 6.458040
9.598500 -0.694160 7.310180
9.167640 -0.445220 7.109110
8.669760 0.148410 7.032510
8.162310 -0.397340 7.463370
7.875080 -1.172880 7.281450
7.769760 -0.990970 7.252730
7.779330 -0.062230 7.846350
7.635710 -0.033510 8.669760
7.214430 -0.722880 9.014450
6.869750 -0.799480 8.889980
6.697400 -0.483520 9.043170
6.352720 -0.818620 9.569770
6.170800 -1.488840 9.521900
5.960160 -0.914370 9.196370
5.615480 -0.244150 9.732540
5.270800 -0.627130 10.278290
5.050580 -1.373950 10.105950
4.916540 -1.115440 9.627220
4.629300 -0.598410 9.933610
4.208020 -0.770750 9.971900
3.758010 -1.192030 10.000630
3.432480 -0.789900 10.096370
3.432480 -0.167550 10.479360
3.001620 -0.234580 10.594250
2.350550 -0.981390 10.555950
2.149490 -1.115440 10.220840
2.408000 -0.598410 9.732540
2.101620 -0.445220 9.512330
1.278200 -0.454790 8.928280
0.799480 -0.722880 8.870830
0.540960 -0.818620 8.564440
0.186700 -1.211180 8.612320
-0.110110 -0.799480 7.750610
-0.301600 -0.445220 7.559120
-1.029270 -0.876070 7.386770
-1.613310 -1.565440 6.927190
-1.900550 -1.144160 6.362300
-1.967570 -0.742030 6.324000
-2.264380 -1.038840 6.209100
-2.867580 -1.594160 5.873990
-3.260140 -1.594160 5.663350
-3.509080 -1.306930 5.644200
-3.882480 -1.527140 5.328240
-4.342060 -1.967570 4.734620
-4.571850 -1.986720 4.514410
-4.753770 -1.498420 4.744190
-5.203770 -1.680340 4.409090
-5.385690 -2.283530 3.796310
-5.414410 -2.455870 3.729290
-5.289940 -1.958000 3.729290
-5.749520 -1.555870 3.537800
-6.544210 -1.843100 3.030350
-6.821870 -2.637790 2.848430
-6.515490 -2.388850 2.503750
-6.563360 -1.958000 2.551620
-7.099540 -2.082470 2.551620
-7.348470 -2.168640 2.235660
-7.099540 -2.005870 2.072890
-7.271880 -1.996300 2.187790
-7.721880 -2.053740 1.938850
-8.076140 -2.254810 1.996300
-7.875080 -2.379280 1.345230
-7.549540 -2.197360 1.163310
-7.501670 -2.092040 0.895220
-8.009120 -2.168640 0.684580
-8.277210 -2.532470 0.244150
-8.191040 -2.781410 -0.014360
-8.076140 -2.762260 -0.272870
-8.372950 -2.475020 -0.588840
-8.765510 -2.034590 -0.809050
-8.612320 -1.622890 -1.038840
-8.095290 -0.962240 -1.115440
-8.200610 -1.393100 -0.828200
-8.851680 -2.436730 -0.742030
-8.669760 -2.790980 -1.230330
-8.200610 -2.417580 -1.651610
-8.554870 -2.350550 -1.134590
-8.784660 -2.350550 -0.780330
-8.430400 -2.475020 -0.904800
-8.478270 -2.810130 -1.086710
-9.091040 -2.848430 -1.048410
-8.880400 -2.245230 -1.287780
-8.497420 -1.622890 -1.402670
-8.449550 -2.044170 -1.306930
-8.602740 -2.609070 -1.421820
-9.081470 -2.532470 -1.594160
-9.186790 -1.814380 -1.642040
-9.158070 -1.488840 -1.335650
