10.297440 0.339900 -1.115440
10.326160 0.234580 -1.010120
10.211270 0.177130 -0.828200
10.029350 0.014360 -0.540960
9.876160 -0.062230 0.052660
10.010200 0.330320 0.627130
10.517650 -0.186700 1.172880
10.852760 -1.086710 1.354800
10.910210 -1.900550 1.393100
11.254900 -1.680340 1.948420
12.011290 -1.919700 2.484600
12.202780 -2.589920 2.886730
11.618730 -3.049500 3.049500
11.455960 -2.513320 3.011200
12.317670 -1.670760 3.710140
13.179380 -1.517570 4.112270
13.208110 -2.484600 3.901630
12.997470 -3.221840 3.288860
13.102790 -2.733540 3.470780
13.504920 -2.101620 4.303770
14.146410 -2.178210 4.543130
14.644290 -2.647370 3.911210
14.347480 -2.360130 3.451630
13.954920 -1.737780 3.805890
14.529390 -2.120770 4.026100
14.960250 -2.656940 3.566520
14.673010 -2.273960 3.556950
14.232580 -1.412250 4.399510
14.098540 -1.440970 4.993130
14.280460 -2.340980 4.926110
14.443220 -2.838860 4.859090
14.069820 -1.785660 4.916540
13.284700 -1.144160 5.481440
12.834700 -1.575020 5.462290
12.987890 -2.245230 4.782490
12.576190 -2.072890 4.734620
11.561280 -1.306930 5.404840
10.804890 -1.259050 5.682500
10.441060 -1.814380 5.404840
10.172970 -2.034590 5.088880
9.541050 -1.527140 5.261220
8.717640 -1.172880 6.132510
8.133590 -1.297350 6.247400
7.702730 -1.555870 5.854840
7.243150 -1.412250 5.835700
6.582510 -1.383520 6.410170
5.787820 -1.632460 6.869750
5.098450 -1.919700 7.530390
4.409090 -1.354800 7.798480
3.978230 -0.579260 7.989970
3.920780 -0.876070 8.765510
4.083550 -1.527140 8.641040
3.968660 -1.642040 7.884650
3.394180 -1.546290 7.855930
2.771840 -1.412250 8.296360
2.197360 -1.450550 8.325080
1.833530 -1.565440 8.085720
1.431400 -1.709060 7.922950
0.933520 -1.728210 7.664440
0.598410 -2.350550 7.817630
0.339900 -3.164390 7.434650
-0.205850 -3.250560 6.812300
-1.105860 -2.302680 6.774000
-1.852680 -1.584590 7.233580
-2.273960 -1.163310 7.291030
-2.398430 -1.019690 7.051660
-2.551620 -0.856920 6.802730
-2.963330 -0.809050 6.582510
-3.518650 -0.866500 5.969740
-3.872910 -0.809050 5.385690
-4.198450 -0.301600 5.213350
-4.466530 0.320750 5.280370
-4.361210 0.311170 5.222920
-4.275040 0.033510 4.361210
-4.562280 -0.387770 3.355880
-5.002710 -0.636710 2.676090
-5.605900 -0.416490 2.293110
-6.027190 -0.148410 2.216510
-6.343150 -0.406920 2.034590
-6.917620 -0.272870 2.015450
-7.291030 -0.043090 1.737780
-7.415500 -0.167550 1.843100
-7.750610 0.000000 1.967570
-8.076140 0.579260 1.967570
-7.808050 0.981390 2.149490
-7.808050 1.125010 2.283530
-8.353800 1.335650 2.082470
-8.535720 1.297350 1.804800
-8.238910 0.971820 1.565440
-7.989970 0.742030 1.230330
-7.961250 0.675010 1.086710
-8.219760 0.655860 0.828200
-8.401680 0.837770 0.502660
-8.392100 0.914370 0.454790
-8.478270 0.847350 0.531390
-8.698490 0.809050 0.426070
-8.832530 0.885650 0.253730
-8.822960 0.943090 0.014360
-8.822960 0.837770 -0.177130
-8.813380 0.684580 -0.263300
-8.727210 0.311170 -0.330320
-8.717640 0.167550 -0.473940
-8.775080 0.167550 -0.684580
-9.062320 0.157980 -0.713300
-9.167640 0.292020 -0.761180
-8.937850 0.330320 -0.675010
-8.765510 0.253730 -0.540960
-8.957000 0.244150 -0.588840
-9.311260 0.225000 -0.483520
-9.292110 0.225000 -0.368620
-9.205940 0.368620 -0.244150
-9.148490 0.540960 -0.196280
-9.272960 0.512240 0.023940
-9.531480 0.378200 0.215430
-9.493180 0.215430 0.272870
-9.196370 0.148410 0.292020
-8.899550 0.090960 0.397340
