9.971900 -1.211180 2.053740
9.761260 -1.498420 2.197360
9.608070 -1.622890 2.350550
9.751690 -1.565440 3.030350
9.837860 -1.239910 3.892060
9.617650 -0.866500 4.811220
10.326160 -0.550540 5.759100
11.130430 -0.167550 6.304850
10.929360 -0.110110 6.448470
10.134670 -0.406920 6.726130
10.575100 -0.847350 7.425070
11.762350 -0.914370 7.693160
12.202780 -0.617560 7.559120
12.068730 -0.129260 7.683580
11.858090 0.033510 7.865500
11.551710 -0.177130 7.980400
12.183630 -0.445220 8.641040
12.815550 -0.282450 9.387860
13.418750 0.167550 9.952760
13.753860 0.837770 10.374040
14.155990 1.756930 10.517650
15.084720 2.187790 10.728290
15.831540 2.101620 10.690000
15.869830 1.938850 10.374040
15.199610 1.929270 9.799560
15.304930 1.756930 9.636790
15.400680 1.718630 9.091040
14.538970 1.661190 8.957000
14.385780 1.498420 8.621890
14.060240 1.460120 8.641040
13.390020 1.718630 8.660190
12.786830 1.890980 8.401680
12.710230 1.852680 8.124010
12.748530 1.469690 7.587840
11.436810 1.479270 7.070810
10.077230 1.220760 6.927190
9.483600 0.847350 6.802730
8.976150 0.837770 6.774000
8.200610 1.019690 6.477190
7.329330 1.086710 6.247400
6.572940 0.933520 6.276120
5.941020 0.923950 6.352720
5.251650 1.038840 6.496340
4.380360 1.153730 6.754850
3.777160 1.565440 6.936770
3.422910 1.900550 6.812300
3.059070 2.369700 6.716550
2.388850 2.589920 6.611230
1.421820 2.178210 6.850600
0.789900 2.130340 6.774000
0.502660 1.785660 6.716550
0.311170 2.187790 6.036760
0.196280 2.733540 5.625050
0.196280 2.810130 5.893140
-1.115440 1.689910 4.303770
-1.900550 2.733540 3.872910
-2.321830 3.164390 4.322910
-2.369700 2.168640 4.054830
-2.580340 1.881400 3.116520
-3.183540 1.890980 2.513320
-4.275040 1.661190 2.283530
-5.088880 1.077140 2.053740
-4.983560 0.990970 1.402670
-4.983560 0.943090 1.192030
-5.519730 1.182460 1.000540
-6.027190 1.287780 1.038840
-6.161230 1.431400 1.192030
-6.008040 1.670760 1.642040
-5.845270 2.139910 2.235660
-5.663350 2.810130 2.733540
-5.625050 4.102700 2.273960
-5.912290 4.820790 1.239910
-6.400590 4.887810 -0.148410
-6.955920 3.528230 -0.962240
-6.975070 2.101620 -2.111190
-7.032510 0.818620 -2.886730
-7.348470 0.301600 -3.499500
-7.827200 0.196280 -4.648450
-7.884650 -0.272870 -4.983560
-7.731460 0.263300 -5.356970
-7.635710 0.971820 -5.404840
-7.654860 1.488840 -5.452710
-7.568690 1.517570 -5.538880
-7.396350 1.546290 -5.883570
-7.606990 1.057990 -6.237830
-7.674010 0.148410 -6.103780
-7.616560 0.215430 -6.343150
-7.951670 0.962240 -6.620810
-8.305930 1.239910 -6.697400
-8.497420 1.354800 -6.774000
-8.621890 1.125010 -6.448470
-8.574020 0.943090 -5.950590
-8.411250 0.933520 -5.356970
-8.277210 1.019690 -4.839940
-8.545290 1.000540 -4.246320
-8.746360 1.057990 -3.834610
-8.631470 1.125010 -3.604820
-8.593170 1.144160 -3.336730
-8.669760 1.163310 -2.992050
-8.832530 1.182460 -2.858010
-9.052750 1.278200 -2.589920
-8.937850 1.488840 -2.513320
-8.803810 1.565440 -2.656940
-9.014450 1.460120 -2.522900
-9.004870 1.278200 -2.369700
-8.861260 1.546290 -2.465450
-9.004870 1.670760 -2.455870
-9.110190 1.345230 -2.178210
-9.043170 1.316500 -2.149490
-8.985730 1.364370 -2.245230
-8.976150 1.249480 -2.283530
-8.995300 1.048410 -2.283530
-9.033600 0.876070 -2.120770
-9.004870 0.895220 -2.120770
-9.004870 0.981390 -2.235660
-9.100620 0.885650 -2.197360
-9.196370 0.904800 -2.197360
