10.307010 -0.847350 -1.048410
10.125100 -0.962240 -1.057990
10.163400 -1.067560 -1.115440
10.345310 -1.268630 -1.029270
10.144250 -1.881400 -0.847350
9.914460 -2.446300 -1.010120
10.211270 -3.068650 -0.837770
10.297440 -3.556950 -0.675010
10.038930 -3.911210 -0.387770
10.105950 -4.945260 -0.272870
10.967660 -6.649530 -0.129260
12.078310 -7.721880 -0.521810
12.202780 -7.836780 -0.272870
11.532560 -8.344230 0.856920
11.657030 -10.326160 1.000540
12.959170 -11.848520 -0.004790
14.357050 -12.585760 0.828200
15.113440 -12.662360 2.628220
16.166640 -12.997470 2.838860
17.851770 -12.499590 1.967570
19.364550 -10.891060 1.929270
19.594340 -9.397430 2.733540
19.594340 -9.148490 2.819710
19.594340 -8.985730 1.977150
19.594340 -8.880400 2.015450
19.594340 -9.387860 3.059070
19.594340 -10.383610 3.710140
19.594340 -9.904880 3.375030
19.594340 -8.449550 3.872910
19.594340 -7.568690 4.830370
19.594340 -7.003790 4.351640
19.594340 -5.902720 4.083550
19.144330 -4.993130 4.437810
18.282620 -5.002710 3.825040
17.401760 -4.677170 3.001620
16.338990 -3.892060 3.260140
15.132590 -3.087800 3.604820
14.060240 -2.264380 3.030350
13.045340 -1.048410 2.877160
11.810220 -0.110110 3.509080
10.498510 -0.014360 3.825040
9.454880 -0.349470 3.106940
8.545290 0.043090 2.360130
7.482520 0.703730 2.321830
6.515490 0.655860 2.695240
5.548460 0.339900 2.503750
4.543130 0.818620 1.642040
3.451630 1.823950 1.412250
2.216510 2.427150 1.077140
1.172880 1.967570 0.234580
0.406920 1.364370 -1.728210
-0.378200 1.594160 -3.250560
-1.316500 2.561200 -4.112270
-2.494170 3.097370 -4.514410
-3.614400 2.398430 -5.931440
-4.830370 0.799480 -7.396350
-6.525060 -0.617560 -9.521900
-8.133590 -1.134590 -9.541050
-8.631470 -0.177130 -9.339980
-8.487850 1.661190 -9.225090
-8.612320 2.609070 -8.468700
-8.928280 2.455870 -7.894220
-9.665520 2.771840 -8.037840
-10.038930 2.647370 -7.032510
-9.828290 2.025020 -5.644200
-9.445300 1.402670 -4.973980
-9.320830 1.287780 -4.734620
-9.541050 2.063320 -4.351640
-9.368710 1.900550 -2.810130
-9.062320 1.230330 -1.354800
-8.832530 0.569690 -0.799480
-8.669760 0.062230 -0.751600
-8.621890 -0.301600 -0.617560
-8.708060 -0.694160 -0.244150
-8.861260 -0.780330 0.138830
-9.167640 -0.550540 0.809050
-9.225090 -0.339900 1.220760
-9.119770 -0.138830 1.192030
-9.119770 -0.157980 0.933520
-9.177220 -0.406920 0.713300
-9.215510 -0.282450 0.483520
-8.995300 0.234580 0.234580
-8.545290 0.311170 0.033510
-8.842110 -0.081380 -0.665430
-9.531480 -0.588840 -1.584590
-9.675090 -0.914370 -1.670760
-9.713390 -0.665430 -1.479270
-9.675090 -0.004790 -0.914370
-9.301690 0.397340 -0.521810
-9.052750 0.282450 -0.272870
-9.253810 -0.167550 -0.263300
-9.378280 -0.473940 -0.330320
-9.339980 -0.311170 -0.225000
-9.272960 -0.177130 -0.033510
-9.186790 -0.426070 0.110110
-9.014450 -0.847350 -0.023940
-8.995300 -0.990970 -0.215430
-9.263390 -0.828200 -0.177130
-9.387860 -0.454790 -0.167550
-9.158070 -0.292020 0.090960
-9.004870 -0.272870 0.205850
-9.138920 -0.454790 0.157980
-9.225090 -0.627130 0.052660
-9.119770 -0.588840 -0.157980
-9.100620 -0.330320 -0.167550
-9.263390 -0.081380 -0.033510
-9.330410 -0.167550 0.052660
-9.138920 -0.292020 -0.052660
-9.071900 -0.292020 -0.138830
-9.100620 -0.359050 -0.196280
-9.148490 -0.502660 -0.157980
-9.177220 -0.579260 -0.244150
-9.129340 -0.464370 -0.320750
-9.062320 -0.177130 -0.272870
-9.004870 -0.100530 -0.119680
-9.110190 -0.225000 -0.119680
-9.244240 -0.253730 -0.186700
