10.153820 -3.595250 -1.268630
9.962330 -3.844190 -1.096290
10.163400 -3.853760 -1.077140
10.728290 -3.738870 -0.981390
11.063400 -3.652690 -0.646280
10.737870 -3.863340 -0.473940
10.402760 -4.112270 -0.789900
10.833610 -4.543130 -1.134590
11.226170 -4.859090 -1.153730
10.814470 -4.811220 -0.981390
10.335740 -4.973980 -0.761180
10.460210 -5.328240 -0.694160
11.187870 -5.529310 -0.923950
11.676180 -5.711230 -0.885650
11.072980 -5.912290 -0.493090
10.527230 -5.854840 -0.263300
11.388940 -5.873990 0.157980
12.528310 -6.218680 0.493090
12.518740 -6.438890 0.473940
12.087880 -6.199530 0.598410
12.221930 -5.826120 1.393100
12.499590 -6.075060 2.254810
12.509160 -6.592080 2.130340
12.327250 -6.611230 1.699480
12.193200 -6.295270 1.747360
12.183630 -6.094210 1.929270
12.059160 -6.324000 2.072890
11.580430 -6.505910 2.005870
11.388940 -6.027190 2.015450
11.522980 -5.471860 2.369700
11.264470 -5.596330 2.982480
10.527230 -5.950590 3.346310
9.895310 -5.950590 3.106940
9.904880 -5.538880 3.097370
10.153820 -5.500590 3.825040
9.933610 -5.385690 4.571850
9.464450 -4.600580 4.686750
9.033600 -3.844190 5.050580
8.851680 -3.853760 5.749520
8.612320 -4.198450 5.653780
8.143160 -4.255890 5.155900
7.559120 -4.026100 5.318670
7.128260 -3.978230 5.768670
6.917620 -4.112270 5.979310
6.716550 -3.911210 5.845270
6.237830 -3.327160 6.017610
5.634630 -2.858010 6.180380
5.041010 -3.068650 6.525060
4.600580 -3.413330 6.448470
4.121850 -3.882480 6.429320
3.643120 -3.882480 5.988890
3.422910 -3.355880 6.075060
3.279290 -2.829280 6.754850
2.886730 -2.829280 7.367620
2.302680 -3.030350 7.118690
1.814380 -2.800560 6.764430
1.565440 -2.398430 6.936770
1.345230 -2.321830 7.635710
1.048410 -2.714390 8.056990
0.646280 -2.810130 7.808050
0.387770 -2.723960 7.865500
0.234580 -2.494170 8.028270
-0.014360 -2.206940 8.392100
-0.292020 -2.178210 8.679340
-0.540960 -2.235660 8.564440
-0.770750 -2.235660 8.191040
-0.943090 -1.938850 8.248480
-1.393100 -1.843100 9.253810
-1.795230 -2.082470 9.828290
-1.680340 -2.484600 9.512330
-1.316500 -2.858010 9.024020
-1.412250 -2.829280 8.870830
-1.843100 -2.149490 9.004870
-2.254810 -1.402670 9.186790
-2.379280 -1.326080 9.349560
-2.360130 -1.316500 8.765510
-2.475020 -1.469690 8.248480
-2.848430 -1.460120 7.903800
-3.269710 -1.297350 7.712310
-3.633550 -0.990970 7.329330
-3.949510 -0.818620 7.042090
-4.179300 -0.703730 6.850600
-4.303770 -0.416490 6.639960
-4.466530 -0.043090 6.438890
-4.782490 0.397340 6.113360
-5.356970 0.761180 6.247400
-5.443140 0.445220 6.055910
-5.376120 -0.138830 5.883570
-5.443140 -0.445220 5.395260
-5.835700 -0.473940 5.050580
-6.113360 -0.435640 4.591000
-6.084630 -0.675010 4.456960
-6.209100 -0.694160 4.054830
-6.639960 -0.627130 3.451630
-6.984640 -0.627130 3.030350
-7.080390 -0.512240 2.877160
-7.061240 -0.004790 2.752690
-6.927190 0.426070 2.427150
-6.735700 0.579260 1.958000
-6.659110 0.876070 1.460120
-6.965490 1.622890 0.464370
-7.252730 1.211180 -0.540960
-7.712310 0.292020 -2.063320
-8.468700 0.426070 -3.413330
-8.554870 0.847350 -4.476110
-8.564440 0.617560 -4.839940
-9.148490 0.148410 -4.571850
-9.885730 0.205850 -4.658020
-9.598500 -0.043090 -4.466530
-8.870830 -0.263300 -4.160150
-8.430400 0.052660 -3.949510
-8.794230 0.253730 -3.719720
-9.445300 0.004790 -3.183540
-9.703820 0.157980 -2.714390
-9.780410 1.105860 -1.871830
-9.483600 1.881400 -1.048410
-8.899550 1.584590 -0.732450
