10.364460 -2.360130 -1.766510
9.933610 -2.685660 -1.632460
9.828290 -3.001620 -1.249480
10.048500 -3.269710 -1.019690
10.374040 -3.595250 -0.914370
10.690000 -3.576100 -0.770750
11.015530 -3.509080 -0.263300
11.120850 -3.786740 0.282450
11.034680 -4.227170 0.521810
11.197450 -4.839940 0.569690
11.628300 -5.060160 0.483520
12.202780 -5.232500 0.847350
12.221930 -5.615480 1.287780
12.116610 -5.739950 1.077140
12.643210 -5.395260 0.876070
13.428320 -5.108030 1.134590
13.485770 -5.251650 1.986720
12.834700 -5.720800 2.465450
13.217680 -5.988890 2.273960
14.663440 -5.739950 2.312260
15.429400 -5.232500 2.838860
15.027270 -5.395260 3.442050
14.730460 -5.347390 3.489930
15.678340 -5.069730 3.585670
16.607070 -5.146330 4.236740
16.176220 -5.423990 4.409090
15.563450 -5.318670 4.150570
15.582600 -4.820790 4.523980
15.592170 -4.141000 5.031430
15.687920 -3.939930 4.763340
15.381530 -4.093120 4.638870
14.318750 -4.112270 4.744190
13.581510 -4.112270 4.725050
13.485770 -4.073980 4.141000
13.141090 -3.987800 3.777160
12.049580 -3.767590 3.767590
10.709150 -3.489930 4.227170
9.713390 -3.355880 4.141000
9.253810 -3.346310 3.805890
8.784660 -3.030350 3.729290
7.894220 -2.647370 3.968660
6.726130 -2.379280 4.313340
5.960160 -2.283530 4.571850
5.366540 -2.139910 4.648450
4.667600 -1.728210 4.658020
3.844190 -1.527140 5.098450
2.963330 -1.469690 5.270800
2.254810 -1.517570 5.797400
1.756930 -1.182460 5.567610
1.239910 -1.077140 5.883570
0.866500 -0.952670 6.209100
0.359050 -1.172880 6.333570
-0.081380 -1.287780 6.362300
-0.349470 -1.067560 6.170800
-0.665430 -0.770750 6.333570
-0.962240 -0.742030 6.774000
-1.259050 -0.742030 6.831450
-1.632460 -0.540960 6.678260
-1.929270 0.014360 6.582510
-2.254810 0.330320 6.812300
-2.570770 0.186700 6.975070
-2.838860 -0.033510 6.706980
-3.011200 0.004790 6.237830
-3.413330 0.378200 6.027190
-3.863340 0.579260 5.902720
-4.342060 0.320750 5.921870
-4.504830 0.138830 5.443140
-4.926110 0.751600 5.366540
-5.251650 1.306930 5.098450
-5.318670 1.057990 5.194200
-5.471860 0.952670 4.916540
-5.605900 1.019690 4.485680
-5.692080 1.010120 4.160150
-5.998460 1.172880 4.102700
-6.352720 1.594160 4.141000
-6.477190 1.785660 4.150570
-6.505910 1.622890 3.758010
-6.726130 1.278200 2.982480
-7.061240 1.096290 2.273960
-7.348470 1.182460 1.862250
-7.425070 1.622890 1.910120
-7.329330 1.766510 1.996300
-5.395260 1.086710 2.331410
-4.523980 1.048410 1.833530
-4.734620 1.843100 1.057990
-6.611230 3.250560 0.550540
-9.588920 4.073980 -0.100530
-13.332580 3.633550 -2.503750
-13.552790 1.469690 -4.342060
-10.536800 -0.186700 -3.221840
-7.817630 -0.349470 -1.555870
-7.338900 0.062230 -1.077140
-8.420830 0.684580 -1.642040
-9.225090 1.335650 -2.245230
-8.947430 1.527140 -2.159060
-8.574020 1.393100 -2.044170
-8.746360 1.268630 -2.235660
-8.947430 1.067560 -2.254810
-8.861260 0.885650 -2.139910
-8.765510 0.904800 -2.187790
-8.957000 1.096290 -2.312260
-9.186790 1.077140 -2.360130
-9.167640 1.029270 -2.197360
-8.947430 0.981390 -2.082470
-8.899550 1.029270 -2.063320
-8.909130 0.981390 -2.197360
-8.889980 0.837770 -2.321830
-8.880400 0.742030 -2.101620
-8.880400 0.856920 -1.862250
-8.966580 1.086710 -1.977150
-9.024020 1.144160 -2.034590
-9.091040 0.904800 -1.958000
-9.110190 0.694160 -2.034590
-8.995300 0.742030 -1.938850
-9.004870 1.077140 -1.575020
-9.253810 1.201610 -1.239910
-9.110190 0.847350 -1.134590
